0.00000 0.00000 1.00000 0.20500 0.15000 0.05500 0.04200 0.02550 0.01500 0.01200 1
0.00000 0.00000 1.00000 0.31000 0.23500 0.07000 0.15100 0.06300 0.04050 0.04500 1
0.00000 0.00000 1.00000 0.36000 0.28000 0.08000 0.17550 0.08100 0.05050 0.07000 1
0.00000 0.00000 1.00000 0.37500 0.27500 0.09000 0.23800 0.10750 0.05450 0.07000 1
0.00000 0.00000 1.00000 0.17500 0.13000 0.05500 0.03150 0.01050 0.00650 0.01250 1
0.00000 0.00000 1.00000 0.17000 0.13000 0.09500 0.03000 0.01300 0.00800 0.01000 1
0.00000 0.00000 1.00000 0.29500 0.21500 0.08500 0.12800 0.04900 0.03400 0.04000 1
1.00000 0.00000 0.00000 0.36000 0.27000 0.10000 0.21700 0.08850 0.04950 0.07150 1
0.00000 0.00000 1.00000 0.16500 0.12000 0.03000 0.02150 0.00700 0.00500 0.00500 1
0.00000 0.00000 1.00000 0.33000 0.25500 0.09500 0.17200 0.06600 0.02550 0.06000 1
0.00000 0.00000 1.00000 0.30000 0.22000 0.08000 0.12100 0.04750 0.04200 0.03500 1
0.00000 0.00000 1.00000 0.24000 0.18500 0.07000 0.07150 0.02600 0.01800 0.02500 1
1.00000 0.00000 0.00000 0.31000 0.22000 0.08500 0.14600 0.06100 0.03650 0.04500 1
1.00000 0.00000 0.00000 0.28000 0.20000 0.08000 0.09150 0.03300 0.02150 0.03000 1
1.00000 0.00000 0.00000 0.32500 0.23000 0.09000 0.14700 0.06000 0.03400 0.04500 1
1.00000 0.00000 0.00000 0.20000 0.14000 0.05500 0.03500 0.01450 0.00800 0.01000 1
1.00000 0.00000 0.00000 0.25500 0.18000 0.06500 0.07900 0.03400 0.01400 0.02500 1
0.00000 0.00000 1.00000 0.25500 0.19000 0.07500 0.08650 0.03450 0.02050 0.02500 1
0.00000 0.00000 1.00000 0.18000 0.12500 0.03500 0.02650 0.00950 0.00550 0.00850 1
1.00000 0.00000 0.00000 0.41500 0.30500 0.10000 0.32500 0.15600 0.05050 0.09100 1
0.00000 0.00000 1.00000 0.20500 0.14000 0.05000 0.04600 0.01650 0.01200 0.01350 1
0.00000 0.00000 1.00000 0.31500 0.23500 0.07500 0.14850 0.05850 0.03750 0.04250 1
0.00000 0.00000 1.00000 0.32500 0.24000 0.07500 0.18700 0.08250 0.04450 0.05000 1
0.00000 0.00000 1.00000 0.33000 0.26500 0.08500 0.19600 0.07750 0.03050 0.04450 1
0.00000 0.00000 1.00000 0.34000 0.25000 0.07500 0.17850 0.06650 0.04550 0.04500 1
0.00000 0.00000 1.00000 0.37500 0.28000 0.09000 0.21500 0.08400 0.06000 0.05500 1
0.00000 0.00000 1.00000 0.43500 0.34000 0.11500 0.39250 0.18250 0.07800 0.11450 1
0.00000 0.00000 1.00000 0.44000 0.34500 0.13000 0.44950 0.20900 0.08350 0.13400 1
0.00000 1.00000 0.00000 0.46500 0.35000 0.12500 0.48200 0.23000 0.10600 0.10950 1
1.00000 0.00000 0.00000 0.48000 0.37500 0.11500 0.67650 0.32050 0.10650 0.17000 1
0.00000 0.00000 1.00000 0.22500 0.16500 0.05500 0.05900 0.02700 0.01250 0.01500 1
0.00000 0.00000 1.00000 0.24500 0.18000 0.06500 0.07100 0.03000 0.01300 0.02150 1
0.00000 0.00000 1.00000 0.34000 0.26500 0.08000 0.20150 0.09000 0.04750 0.05500 1
0.00000 0.00000 1.00000 0.37000 0.28000 0.10000 0.22100 0.11650 0.02650 0.06350 1
0.00000 0.00000 1.00000 0.41000 0.32500 0.10000 0.32450 0.13200 0.07200 0.10600 1
0.00000 0.00000 1.00000 0.45000 0.33000 0.11000 0.36850 0.16000 0.08850 0.10200 1
0.00000 0.00000 1.00000 0.24500 0.20500 0.06000 0.07650 0.03400 0.01400 0.02150 1
0.00000 0.00000 1.00000 0.27500 0.19500 0.09000 0.11250 0.05450 0.02950 0.03550 1
0.00000 0.00000 1.00000 0.31000 0.22500 0.07000 0.10550 0.43500 0.01500 0.04000 1
0.00000 0.00000 1.00000 0.31500 0.23000 0.07000 0.11450 0.04600 0.02350 0.03850 1
0.00000 0.00000 1.00000 0.32500 0.22500 0.07500 0.13900 0.05650 0.03200 0.09000 1
0.00000 0.00000 1.00000 0.34000 0.25000 0.09000 0.17900 0.07750 0.03300 0.05500 1
0.00000 0.00000 1.00000 0.35000 0.27000 0.07500 0.21500 0.10000 0.03600 0.06500 1
0.00000 0.00000 1.00000 0.37500 0.27500 0.09000 0.21800 0.09300 0.04050 0.07550 1
0.00000 0.00000 1.00000 0.39500 0.27000 0.10000 0.29850 0.14450 0.06100 0.08200 1
0.00000 0.00000 1.00000 0.40000 0.29000 0.10000 0.26750 0.12050 0.06050 0.07650 1
0.00000 0.00000 1.00000 0.40500 0.28500 0.09000 0.26450 0.12650 0.05050 0.07500 1
0.00000 0.00000 1.00000 0.42000 0.30500 0.09000 0.32800 0.16800 0.06150 0.08200 1
0.00000 0.00000 1.00000 0.14000 0.10500 0.03500 0.01400 0.00550 0.00250 0.00400 1
0.00000 0.00000 1.00000 0.36500 0.25500 0.08000 0.19850 0.07850 0.03450 0.05300 1
0.00000 0.00000 1.00000 0.40000 0.29000 0.11000 0.32900 0.18800 0.04550 0.08250 1
1.00000 0.00000 0.00000 0.45000 0.33500 0.12500 0.44750 0.21650 0.12600 0.11000 1
0.00000 0.00000 1.00000 0.33500 0.25500 0.08000 0.16800 0.07900 0.03550 0.05000 1
0.00000 0.00000 1.00000 0.24000 0.18000 0.05500 0.05550 0.02350 0.01300 0.01800 1
0.00000 0.00000 1.00000 0.34000 0.26000 0.08500 0.18850 0.08150 0.03350 0.06000 1
0.00000 0.00000 1.00000 0.41500 0.31000 0.09000 0.28150 0.12450 0.06150 0.08500 1
0.00000 0.00000 1.00000 0.41500 0.31000 0.10000 0.28050 0.11400 0.05650 0.09750 1
0.00000 0.00000 1.00000 0.13500 0.13000 0.04000 0.02900 0.01250 0.00650 0.00800 1
0.00000 0.00000 1.00000 0.21000 0.15000 0.05500 0.04650 0.01700 0.01200 0.01500 1
0.00000 0.00000 1.00000 0.28000 0.21000 0.07500 0.11950 0.05300 0.02650 0.03000 1
0.00000 0.00000 1.00000 0.29000 0.21000 0.06000 0.11950 0.05600 0.02350 0.03000 1
0.00000 0.00000 1.00000 0.37500 0.28000 0.08000 0.22600 0.10500 0.04700 0.06500 1
0.00000 0.00000 1.00000 0.27000 0.19500 0.06500 0.10650 0.04750 0.02250 0.02850 1
0.00000 0.00000 1.00000 0.28000 0.21500 0.08000 0.13200 0.07200 0.02200 0.03300 1
0.00000 0.00000 1.00000 0.28000 0.20000 0.07500 0.12250 0.05450 0.01150 0.03500 1
0.00000 1.00000 0.00000 0.37000 0.27500 0.08500 0.24050 0.10400 0.05350 0.07000 1
0.00000 0.00000 1.00000 0.16500 0.11500 0.01500 0.01450 0.00550 0.00300 0.00500 1
0.00000 0.00000 1.00000 0.19000 0.13000 0.03000 0.02950 0.01550 0.01500 0.01000 1
0.00000 0.00000 1.00000 0.27500 0.22000 0.08000 0.13650 0.05650 0.02850 0.04200 1
0.00000 0.00000 1.00000 0.27500 0.20500 0.08000 0.09600 0.03600 0.01850 0.03000 1
0.00000 0.00000 1.00000 0.31000 0.24000 0.10500 0.28850 0.11800 0.06500 0.08300 1
0.00000 0.00000 1.00000 0.41500 0.31500 0.10500 0.33000 0.14050 0.07050 0.09500 1
0.00000 0.00000 1.00000 0.23000 0.18000 0.05000 0.06400 0.02150 0.01350 0.02000 1
0.00000 0.00000 1.00000 0.37000 0.29000 0.08000 0.25450 0.10800 0.05650 0.07000 1
0.00000 0.00000 1.00000 0.38000 0.28500 0.08500 0.23700 0.11500 0.04050 0.07000 1
0.00000 0.00000 1.00000 0.40500 0.31000 0.06500 0.32050 0.15750 0.06600 0.08800 1
0.00000 0.00000 1.00000 0.45000 0.35000 0.12500 0.47750 0.22350 0.08900 0.11800 1
0.00000 0.00000 1.00000 0.34000 0.24500 0.08500 0.20150 0.10050 0.03800 0.05300 1
0.00000 0.00000 1.00000 0.27500 0.20000 0.05500 0.09250 0.03800 0.02100 0.02600 1
0.00000 0.00000 1.00000 0.32500 0.24000 0.07500 0.15250 0.07200 0.06450 0.04300 1
0.00000 0.00000 1.00000 0.31500 0.23500 0.07500 0.12850 0.05100 0.02800 0.04050 1
0.00000 0.00000 1.00000 0.37000 0.28000 0.08500 0.19800 0.08050 0.04550 0.05800 1
0.00000 0.00000 1.00000 0.41000 0.30500 0.09500 0.26250 0.10000 0.05150 0.09000 1
0.00000 0.00000 1.00000 0.39500 0.30000 0.09000 0.25300 0.11550 0.05000 0.07500 1
0.00000 0.00000 1.00000 0.23000 0.17000 0.05000 0.05700 0.02600 0.01300 0.01600 1
1.00000 0.00000 0.00000 0.35000 0.26500 0.09000 0.22650 0.09950 0.05750 0.06500 1
0.00000 0.00000 1.00000 0.32500 0.24500 0.07500 0.14950 0.06050 0.03300 0.04500 1
1.00000 0.00000 0.00000 0.16500 0.12500 0.04000 0.02450 0.00950 0.00450 0.00800 1
0.00000 0.00000 1.00000 0.25000 0.18000 0.06500 0.08050 0.03450 0.01850 0.02150 1
0.00000 0.00000 1.00000 0.37000 0.28000 0.09000 0.25650 0.12550 0.06450 0.06450 1
0.00000 0.00000 1.00000 0.40000 0.30000 0.11000 0.29850 0.13750 0.07100 0.07500 1
0.00000 0.00000 1.00000 0.33000 0.23000 0.08500 0.16950 0.07900 0.02600 0.05050 1
0.00000 0.00000 1.00000 0.30000 0.22500 0.07500 0.13450 0.05700 0.02800 0.04400 1
0.00000 0.00000 1.00000 0.23500 0.13000 0.07500 0.15850 0.06850 0.03700 0.04650 1
0.00000 0.00000 1.00000 0.28500 0.20500 0.07000 0.10600 0.03900 0.02850 0.03400 1
0.00000 0.00000 1.00000 0.40000 0.31500 0.10000 0.32250 0.14300 0.07350 0.09100 1
1.00000 0.00000 0.00000 0.33500 0.26000 0.07500 0.22000 0.08550 0.04000 0.08500 1
0.00000 0.00000 1.00000 0.16000 0.12000 0.02000 0.01800 0.00750 0.00450 0.00500 1
1.00000 0.00000 0.00000 0.38000 0.27000 0.09500 0.21900 0.08350 0.05150 0.07000 1
0.00000 0.00000 1.00000 0.27000 0.20500 0.07500 0.11800 0.05900 0.03100 0.03050 1
0.00000 0.00000 1.00000 0.37500 0.29000 0.09500 0.28750 0.12300 0.06050 0.08000 1
0.00000 0.00000 1.00000 0.38000 0.30000 0.09000 0.27700 0.16550 0.06250 0.08200 1
0.00000 0.00000 1.00000 0.40000 0.29500 0.09500 0.25200 0.11050 0.05750 0.06600 1
0.00000 0.00000 1.00000 0.27500 0.20000 0.07000 0.09600 0.03700 0.02250 0.03000 1
0.00000 0.00000 1.00000 0.33000 0.24500 0.06500 0.14450 0.05800 0.03200 0.05050 1
0.00000 0.00000 1.00000 0.40000 0.30000 0.11500 0.31800 0.13350 0.07250 0.09350 1
0.00000 0.00000 1.00000 0.35000 0.25000 0.07500 0.16950 0.08350 0.03550 0.04100 1
0.00000 0.00000 1.00000 0.33000 0.25500 0.08000 0.20500 0.08950 0.03950 0.05500 2
0.00000 0.00000 1.00000 0.42500 0.30000 0.09500 0.35150 0.14100 0.07750 0.12000 2
1.00000 0.00000 0.00000 0.49000 0.38000 0.13500 0.54150 0.21750 0.09500 0.19000 2
1.00000 0.00000 0.00000 0.50000 0.40000 0.13000 0.66450 0.25800 0.13300 0.24000 2
0.00000 1.00000 0.00000 0.46000 0.37500 0.12000 0.46050 0.17750 0.11000 0.15000 2
0.00000 1.00000 0.00000 0.52500 0.42500 0.16000 0.83550 0.35450 0.21350 0.24500 2
1.00000 0.00000 0.00000 0.40000 0.32000 0.09500 0.30300 0.13350 0.06000 0.10000 2
1.00000 0.00000 0.00000 0.48500 0.36000 0.13000 0.54150 0.25950 0.09600 0.16000 2
0.00000 1.00000 0.00000 0.47000 0.36000 0.12000 0.47750 0.21050 0.10550 0.15000 2
1.00000 0.00000 0.00000 0.40500 0.31000 0.10000 0.38500 0.17300 0.09150 0.11000 2
0.00000 1.00000 0.00000 0.50000 0.40000 0.14000 0.66150 0.25650 0.17550 0.22000 2
1.00000 0.00000 0.00000 0.42500 0.32500 0.09500 0.37850 0.17050 0.08000 0.10000 2
0.00000 1.00000 0.00000 0.56500 0.44000 0.16000 0.91500 0.35400 0.19350 0.32000 2
0.00000 1.00000 0.00000 0.62500 0.49500 0.16500 1.26200 0.50700 0.31800 0.39000 2
1.00000 0.00000 0.00000 0.60500 0.47000 0.16000 1.17350 0.49750 0.24050 0.34500 2
0.00000 1.00000 0.00000 0.52000 0.41000 0.15500 0.72700 0.29100 0.18350 0.23500 2
0.00000 1.00000 0.00000 0.43500 0.39500 0.10500 0.36350 0.13600 0.09800 0.13000 2
1.00000 0.00000 0.00000 0.49500 0.39500 0.12500 0.54150 0.23750 0.13450 0.15500 2
1.00000 0.00000 0.00000 0.42500 0.35000 0.10500 0.39300 0.13000 0.06300 0.16500 2
0.00000 1.00000 0.00000 0.32500 0.26000 0.09000 0.19150 0.08500 0.03600 0.06200 2
0.00000 1.00000 0.00000 0.55000 0.45000 0.14500 0.74100 0.29500 0.14350 0.26650 2
1.00000 0.00000 0.00000 0.47500 0.37500 0.13000 0.51750 0.20750 0.11650 0.17000 2
0.00000 0.00000 1.00000 0.28000 0.20500 0.08000 0.12700 0.05200 0.03900 0.04200 2
0.00000 1.00000 0.00000 0.68000 0.51500 0.17500 1.61850 0.51250 0.40900 0.62000 2
0.00000 1.00000 0.00000 0.53000 0.39500 0.14500 0.77500 0.30800 0.16900 0.25500 2
0.00000 1.00000 0.00000 0.52000 0.40500 0.11500 0.77600 0.32000 0.18450 0.22000 2
0.00000 0.00000 1.00000 0.36000 0.26000 0.09000 0.17850 0.06450 0.03700 0.07500 2
1.00000 0.00000 0.00000 0.58000 0.47500 0.15000 0.97000 0.38500 0.21650 0.35000 2
0.00000 1.00000 0.00000 0.56000 0.45000 0.16000 1.02350 0.42900 0.26800 0.30000 2
0.00000 1.00000 0.00000 0.63000 0.50000 0.18500 1.38300 0.54000 0.33150 0.38000 2
0.00000 1.00000 0.00000 0.51000 0.40000 0.14000 0.81450 0.45900 0.19650 0.19500 2
1.00000 0.00000 0.00000 0.50000 0.40500 0.15500 0.77200 0.34600 0.15350 0.24500 2
1.00000 0.00000 0.00000 0.33500 0.25000 0.09000 0.18100 0.07550 0.04150 0.06000 2
1.00000 0.00000 0.00000 0.47000 0.36000 0.13500 0.50100 0.16650 0.11500 0.16500 2
0.00000 1.00000 0.00000 0.47000 0.35000 0.14500 0.51750 0.18700 0.12350 0.18000 2
0.00000 1.00000 0.00000 0.50000 0.37000 0.13500 0.45000 0.17150 0.10550 0.15500 2
0.00000 1.00000 0.00000 0.39000 0.29000 0.12500 0.30550 0.12100 0.08200 0.09000 2
0.00000 0.00000 1.00000 0.35000 0.26000 0.08500 0.17400 0.07050 0.03450 0.06000 2
0.00000 0.00000 1.00000 0.33000 0.25000 0.10500 0.17150 0.06550 0.03500 0.06000 2
1.00000 0.00000 0.00000 0.54500 0.46000 0.16000 0.89750 0.34100 0.16550 0.34500 2
0.00000 1.00000 0.00000 0.40500 0.30500 0.09500 0.34850 0.14550 0.08950 0.10000 2
1.00000 0.00000 0.00000 0.33500 0.26500 0.10500 0.22200 0.09350 0.05600 0.07500 2
0.00000 1.00000 0.00000 0.40000 0.32500 0.12000 0.31850 0.13400 0.05650 0.09500 2
0.00000 1.00000 0.00000 0.61000 0.49500 0.18500 1.15300 0.53600 0.29050 0.24500 2
1.00000 0.00000 0.00000 0.58000 0.45500 0.17000 0.93000 0.40800 0.25900 0.22000 2
1.00000 0.00000 0.00000 0.58000 0.46500 0.14500 0.88700 0.44050 0.16550 0.26500 2
1.00000 0.00000 0.00000 0.63000 0.49000 0.18000 1.13000 0.45800 0.27650 0.31500 2
1.00000 0.00000 0.00000 0.48500 0.40000 0.13500 0.66300 0.31300 0.13700 0.20000 2
1.00000 0.00000 0.00000 0.54000 0.42000 0.15500 0.73850 0.35150 0.15200 0.21500 2
0.00000 1.00000 0.00000 0.50000 0.39500 0.14000 0.71550 0.31650 0.17600 0.24000 2
1.00000 0.00000 0.00000 0.47000 0.38000 0.14500 0.58650 0.23850 0.14400 0.18500 2
1.00000 0.00000 0.00000 0.58500 0.45500 0.15000 0.98700 0.43550 0.20750 0.31000 2
0.00000 1.00000 0.00000 0.48500 0.36500 0.12000 0.58850 0.27000 0.13100 0.17500 2
0.00000 1.00000 0.00000 0.43500 0.32500 0.11000 0.43350 0.17800 0.09850 0.15500 2
0.00000 0.00000 1.00000 0.41500 0.31000 0.11000 0.29650 0.12300 0.05700 0.09950 2
0.00000 0.00000 1.00000 0.43000 0.34000 0.12000 0.35750 0.15100 0.06450 0.10450 2
0.00000 1.00000 0.00000 0.54500 0.41500 0.16000 0.77150 0.27200 0.14550 0.27650 2
0.00000 1.00000 0.00000 0.46500 0.35000 0.11500 0.42100 0.15650 0.09100 0.13450 2
1.00000 0.00000 0.00000 0.54000 0.42000 0.13500 0.80750 0.34850 0.17950 0.23500 2
0.00000 0.00000 1.00000 0.47000 0.37000 0.12000 0.47050 0.18450 0.10550 0.15500 2
0.00000 1.00000 0.00000 0.38000 0.29000 0.10500 0.25700 0.09900 0.05100 0.08500 2
1.00000 0.00000 0.00000 0.25500 0.19500 0.06500 0.08000 0.03150 0.01800 0.02700 2
0.00000 1.00000 0.00000 0.54500 0.41500 0.15000 0.73350 0.27950 0.16300 0.21850 2
1.00000 0.00000 0.00000 0.35000 0.25500 0.06500 0.17900 0.07050 0.03850 0.06000 2
0.00000 0.00000 1.00000 0.48500 0.35500 0.13000 0.58100 0.24500 0.13200 0.16800 2
1.00000 0.00000 0.00000 0.28000 0.21000 0.08000 0.10850 0.04100 0.02650 0.03450 2
0.00000 0.00000 1.00000 0.58000 0.44500 0.15000 0.88650 0.38300 0.20900 0.25500 2
0.00000 1.00000 0.00000 0.55000 0.43000 0.14000 0.71350 0.25650 0.18600 0.22500 2
1.00000 0.00000 0.00000 0.31000 0.22500 0.07500 0.12950 0.04550 0.03350 0.04400 2
1.00000 0.00000 0.00000 0.23500 0.17000 0.05500 0.05150 0.01800 0.01050 0.01950 2
0.00000 1.00000 0.00000 0.38000 0.30500 0.09500 0.28150 0.12550 0.05250 0.09000 2
1.00000 0.00000 0.00000 0.46000 0.36500 0.12500 0.46700 0.18950 0.09450 0.15800 2
1.00000 0.00000 0.00000 0.36000 0.29500 0.10000 0.21050 0.06600 0.05250 0.07500 2
1.00000 0.00000 0.00000 0.38000 0.23500 0.10000 0.25800 0.10550 0.05400 0.08000 2
0.00000 0.00000 1.00000 0.44500 0.33000 0.12000 0.34700 0.12000 0.08400 0.10500 2
1.00000 0.00000 0.00000 0.48000 0.37500 0.14500 0.77700 0.21600 0.13000 0.17000 2
0.00000 1.00000 0.00000 0.38000 0.30500 0.10500 0.28100 0.10450 0.06150 0.09000 2
0.00000 1.00000 0.00000 0.37000 0.27500 0.10000 0.22250 0.09300 0.02600 0.08000 2
1.00000 0.00000 0.00000 0.52000 0.38500 0.11500 0.66900 0.23850 0.17200 0.20500 2
0.00000 1.00000 0.00000 0.36000 0.26500 0.09000 0.20650 0.07800 0.05700 0.06000 2
1.00000 0.00000 0.00000 0.48500 0.35500 0.12000 0.54700 0.21500 0.16150 0.14000 2
1.00000 0.00000 0.00000 0.54500 0.45000 0.15000 0.97800 0.33650 0.19050 0.30000 2
1.00000 0.00000 0.00000 0.34500 0.27000 0.09500 0.19700 0.06650 0.05000 0.07000 2
0.00000 1.00000 0.00000 0.53000 0.45500 0.16500 0.98050 0.31550 0.28150 0.29650 2
1.00000 0.00000 0.00000 0.51500 0.43500 0.14500 0.88150 0.29200 0.20600 0.25500 2
0.00000 1.00000 0.00000 0.50500 0.39000 0.16000 0.64400 0.24750 0.20250 0.16350 2
0.00000 1.00000 0.00000 0.57000 0.46500 0.16000 0.89350 0.31450 0.25750 0.26300 2
0.00000 1.00000 0.00000 0.48500 0.37500 0.13500 0.55600 0.19250 0.13150 0.16850 2
1.00000 0.00000 0.00000 0.53000 0.41000 0.15500 0.71550 0.28050 0.16850 0.21400 2
1.00000 0.00000 0.00000 0.44000 0.33500 0.11000 0.39400 0.15700 0.09600 0.12200 2
1.00000 0.00000 0.00000 0.46000 0.34000 0.13500 0.49500 0.16550 0.11700 0.18500 2
1.00000 0.00000 0.00000 0.50500 0.40500 0.14000 0.87500 0.26650 0.17400 0.28500 2
0.00000 0.00000 1.00000 0.38000 0.27500 0.09500 0.13750 0.08600 0.05850 0.06050 2
0.00000 0.00000 1.00000 0.38500 0.30000 0.10000 0.28950 0.12150 0.06300 0.09000 2
0.00000 0.00000 1.00000 0.39500 0.29000 0.09500 0.31900 0.13800 0.08000 0.08200 2
0.00000 0.00000 1.00000 0.44500 0.32500 0.10000 0.37800 0.17950 0.10000 0.08900 2
0.00000 1.00000 0.00000 0.48000 0.36500 0.13500 0.63950 0.29450 0.11300 0.17500 2
1.00000 0.00000 0.00000 0.49000 0.38500 0.12500 0.60900 0.30650 0.09600 0.17750 2
0.00000 1.00000 0.00000 0.49500 0.41000 0.12500 0.75550 0.33550 0.12900 0.21400 2
1.00000 0.00000 0.00000 0.52500 0.39500 0.13000 0.76350 0.33750 0.14250 0.22500 2
0.00000 1.00000 0.00000 0.54500 0.44000 0.13500 0.91850 0.42900 0.20150 0.23750 2
1.00000 0.00000 0.00000 0.57000 0.43500 0.13000 0.75350 0.34900 0.17550 0.19400 2
0.00000 1.00000 0.00000 0.59500 0.48000 0.15000 1.11000 0.49800 0.22800 0.33000 2
0.00000 1.00000 0.00000 0.60000 0.47500 0.15500 1.21000 0.65300 0.16950 0.32050 2
0.00000 1.00000 0.00000 0.60500 0.47500 0.17500 1.38200 0.60900 0.23250 0.39850 2
0.00000 1.00000 0.00000 0.62000 0.50500 0.16000 1.37250 0.62850 0.27500 0.36850 2
1.00000 0.00000 0.00000 0.63500 0.51000 0.17000 1.35550 0.61900 0.30500 0.39000 2
0.00000 1.00000 0.00000 0.63500 0.48500 0.16500 1.29450 0.66800 0.26050 0.27150 2
0.00000 1.00000 0.00000 0.64000 0.51000 0.16500 1.48600 0.75950 0.33200 0.32100 2
1.00000 0.00000 0.00000 0.65000 0.52500 0.17500 1.47150 0.67500 0.31500 0.39900 2
1.00000 0.00000 0.00000 0.66000 0.52000 0.19000 1.55800 0.75500 0.29800 0.40000 2
0.00000 1.00000 0.00000 0.67000 0.58500 0.16000 1.30900 0.54450 0.29450 0.41300 2
0.00000 1.00000 0.00000 0.67500 0.52500 0.17000 1.80950 0.78400 0.39100 0.45500 2
0.00000 1.00000 0.00000 0.69500 0.56000 0.22000 1.83400 0.84550 0.42200 0.45500 2
0.00000 0.00000 1.00000 0.33500 0.25000 0.07500 0.18250 0.07050 0.04400 0.05500 2
0.00000 0.00000 1.00000 0.41000 0.31000 0.09000 0.33900 0.15500 0.06950 0.09000 2
0.00000 0.00000 1.00000 0.43000 0.32500 0.09000 0.42500 0.21700 0.08700 0.09500 2
0.00000 0.00000 1.00000 0.44000 0.32500 0.09000 0.35000 0.14800 0.06700 0.10500 2
0.00000 1.00000 0.00000 0.47000 0.36500 0.12000 0.58200 0.29000 0.09200 0.14600 2
1.00000 0.00000 0.00000 0.47500 0.37000 0.12500 0.53700 0.22200 0.12150 0.15000 2
0.00000 1.00000 0.00000 0.48500 0.37000 0.11500 0.47850 0.19950 0.09550 0.12900 2
1.00000 0.00000 0.00000 0.49500 0.39500 0.13500 0.63350 0.30350 0.12950 0.14950 2
1.00000 0.00000 0.00000 0.50000 0.40000 0.12500 0.67250 0.33600 0.12000 0.18250 2
1.00000 0.00000 0.00000 0.51000 0.39000 0.13500 0.76900 0.39350 0.14550 0.19000 2
0.00000 1.00000 0.00000 0.52500 0.41500 0.14000 0.72400 0.34750 0.17300 0.17500 2
1.00000 0.00000 0.00000 0.53500 0.43000 0.14000 0.71650 0.28550 0.15950 0.21550 2
0.00000 1.00000 0.00000 0.55000 0.43000 0.14000 0.81050 0.36800 0.16100 0.27500 2
0.00000 1.00000 0.00000 0.57000 0.45500 0.15000 1.10700 0.54000 0.25500 0.27000 2
1.00000 0.00000 0.00000 0.59000 0.46500 0.15500 1.13600 0.52450 0.26150 0.27500 2
0.00000 1.00000 0.00000 0.59500 0.46000 0.14000 1.00450 0.46550 0.20950 0.25150 2
1.00000 0.00000 0.00000 0.59500 0.45500 0.15000 1.04400 0.51800 0.22050 0.27000 2
0.00000 1.00000 0.00000 0.63000 0.49500 0.16500 1.30750 0.59900 0.28400 0.31500 2
1.00000 0.00000 0.00000 0.64000 0.50500 0.15500 1.40250 0.70500 0.26550 0.33500 2
0.00000 1.00000 0.00000 0.64500 0.50500 0.16500 1.43250 0.68400 0.30800 0.33600 2
1.00000 0.00000 0.00000 0.66000 0.49500 0.19500 1.62750 0.59400 0.35950 0.48500 2
1.00000 0.00000 0.00000 0.67000 0.52500 0.16500 1.60850 0.68200 0.31450 0.40050 2
1.00000 0.00000 0.00000 0.69000 0.52500 0.17500 1.70050 0.82550 0.36200 0.40500 2
0.00000 0.00000 1.00000 0.26500 0.19500 0.05500 0.08400 0.03650 0.01750 0.02500 2
0.00000 0.00000 1.00000 0.44500 0.34500 0.10500 0.40900 0.16750 0.10150 0.11700 2
0.00000 0.00000 1.00000 0.44500 0.34000 0.14500 0.43400 0.19450 0.09050 0.13000 2
0.00000 0.00000 1.00000 0.48000 0.38000 0.12500 0.62450 0.33950 0.10850 0.16650 2
1.00000 0.00000 0.00000 0.49000 0.46500 0.12500 0.52250 0.23500 0.13000 0.14100 2
0.00000 0.00000 1.00000 0.51000 0.40000 0.12500 0.55750 0.26150 0.11950 0.15250 2
0.00000 0.00000 1.00000 0.52500 0.39500 0.12000 0.60800 0.29700 0.13950 0.14050 2
0.00000 0.00000 1.00000 0.53000 0.40000 0.12500 0.61700 0.27900 0.12700 0.19000 2
1.00000 0.00000 0.00000 0.54500 0.39000 0.13500 0.78350 0.42250 0.18150 0.15600 2
1.00000 0.00000 0.00000 0.54500 0.41000 0.12000 0.79300 0.43400 0.14050 0.19000 2
1.00000 0.00000 0.00000 0.54500 0.41500 0.14000 0.82000 0.46150 0.12700 0.21800 2
0.00000 1.00000 0.00000 0.55000 0.41500 0.13500 0.81450 0.42700 0.18550 0.17500 2
1.00000 0.00000 0.00000 0.55000 0.42500 0.15000 0.83150 0.41100 0.17650 0.21650 2
0.00000 1.00000 0.00000 0.56500 0.45000 0.17500 1.00950 0.44700 0.23750 0.26450 2
0.00000 1.00000 0.00000 0.57500 0.45000 0.16000 1.06800 0.55600 0.21400 0.25750 2
0.00000 1.00000 0.00000 0.57500 0.47000 0.16500 0.86900 0.43500 0.19700 0.23800 2
1.00000 0.00000 0.00000 0.57500 0.44500 0.17000 1.02250 0.54900 0.21750 0.22800 2
0.00000 1.00000 0.00000 0.60500 0.47000 0.16500 1.17750 0.61100 0.22750 0.29200 2
1.00000 0.00000 0.00000 0.60500 0.47500 0.14000 1.11750 0.55500 0.25700 0.27400 2
1.00000 0.00000 0.00000 0.61000 0.47000 0.16500 1.05200 0.49800 0.24200 0.26700 2
0.00000 1.00000 0.00000 0.61500 0.46500 0.15000 0.92300 0.46150 0.18250 0.24150 2
1.00000 0.00000 0.00000 0.62000 0.45000 0.20000 0.85800 0.42850 0.15250 0.24050 2
1.00000 0.00000 0.00000 0.66500 0.52500 0.16000 1.36300 0.62900 0.27900 0.34000 2
1.00000 0.00000 0.00000 0.70000 0.57500 0.19000 2.27300 1.09500 0.41800 0.63800 2
0.00000 1.00000 0.00000 0.71000 0.56000 0.18000 1.65200 0.73500 0.38100 0.45250 2
1.00000 0.00000 0.00000 0.71500 0.53500 0.19000 1.67550 0.88900 0.31300 0.42000 2
0.00000 1.00000 0.00000 0.72000 0.58000 0.19500 2.10300 1.02650 0.48000 0.53750 2
1.00000 0.00000 0.00000 0.72000 0.56500 0.14500 1.18700 0.69100 0.19450 0.26850 2
1.00000 0.00000 0.00000 0.72500 0.50500 0.18500 1.97800 1.02600 0.42550 0.45050 2
0.00000 1.00000 0.00000 0.73000 0.57500 0.18500 1.87950 0.93100 0.38000 0.48250 2
0.00000 1.00000 0.00000 0.75000 0.57000 0.21000 2.23600 1.10900 0.51950 0.54500 2
0.00000 1.00000 0.00000 0.78000 0.63000 0.21500 2.65700 1.48800 0.49850 0.58600 2
0.00000 0.00000 1.00000 0.37500 0.27000 0.08500 0.21800 0.09450 0.03900 0.07000 2
0.00000 0.00000 1.00000 0.38000 0.27000 0.08000 0.21050 0.08650 0.04200 0.07000 2
0.00000 0.00000 1.00000 0.39500 0.30500 0.10500 0.28400 0.11350 0.05950 0.09450 2
0.00000 0.00000 1.00000 0.39500 0.29500 0.09500 0.27250 0.11500 0.06250 0.08500 2
0.00000 0.00000 1.00000 0.43000 0.31500 0.09500 0.37800 0.17500 0.08000 0.10450 2
0.00000 0.00000 1.00000 0.45000 0.33000 0.10500 0.44800 0.20800 0.08900 0.12000 2
0.00000 1.00000 0.00000 0.45500 0.36500 0.11500 0.43050 0.18400 0.10800 0.12450 2
0.00000 0.00000 1.00000 0.46500 0.34000 0.11000 0.34600 0.14250 0.07300 0.11300 2
0.00000 0.00000 1.00000 0.48000 0.35500 0.11500 0.47250 0.20650 0.11200 0.13200 2
0.00000 0.00000 1.00000 0.50000 0.37500 0.14500 0.57950 0.23900 0.13750 0.18500 2
0.00000 0.00000 1.00000 0.50000 0.39500 0.14000 0.62150 0.29250 0.12050 0.19500 2
0.00000 0.00000 1.00000 0.53500 0.40000 0.13500 0.60250 0.28950 0.12100 0.15400 2
0.00000 1.00000 0.00000 0.53500 0.41000 0.13000 0.71450 0.33500 0.14400 0.20750 2
0.00000 0.00000 1.00000 0.54000 0.42000 0.14000 0.72650 0.32050 0.14450 0.22900 2
0.00000 0.00000 1.00000 0.55500 0.43000 0.15500 0.73950 0.31350 0.14350 0.28000 2
0.00000 0.00000 1.00000 0.56000 0.42500 0.13500 0.82050 0.37150 0.18500 0.23600 2
0.00000 0.00000 1.00000 0.56000 0.45500 0.14500 0.97400 0.54700 0.16150 0.23500 2
1.00000 0.00000 0.00000 0.56500 0.39000 0.12500 0.74400 0.35200 0.13000 0.16850 2
0.00000 1.00000 0.00000 0.57000 0.46000 0.13500 0.97950 0.39700 0.25250 0.26550 2
1.00000 0.00000 0.00000 0.57000 0.43500 0.17000 0.87300 0.38200 0.18300 0.27050 2
0.00000 1.00000 0.00000 0.57500 0.42000 0.13500 0.85700 0.46100 0.14700 0.21250 2
0.00000 1.00000 0.00000 0.57500 0.48000 0.16500 1.07800 0.51100 0.20950 0.30600 2
1.00000 0.00000 0.00000 0.57500 0.46000 0.15500 0.89200 0.44150 0.17600 0.22000 2
0.00000 1.00000 0.00000 0.58000 0.44500 0.15000 0.85800 0.40000 0.15600 0.25300 2
1.00000 0.00000 0.00000 0.58500 0.47000 0.16500 1.40900 0.80000 0.22900 0.29500 2
0.00000 0.00000 1.00000 0.59000 0.44500 0.13500 0.77150 0.32800 0.17450 0.23000 2
1.00000 0.00000 0.00000 0.61000 0.48000 0.17000 1.13700 0.45650 0.29000 0.34700 2
1.00000 0.00000 0.00000 0.61500 0.47500 0.17000 1.12900 0.47950 0.30200 0.30000 2
0.00000 1.00000 0.00000 0.63000 0.48500 0.17000 1.32050 0.59450 0.34500 0.34500 2
1.00000 0.00000 0.00000 0.63000 0.48500 0.14500 1.06200 0.50650 0.17850 0.33650 2
1.00000 0.00000 0.00000 0.63500 0.51000 0.15500 0.98600 0.40500 0.22550 0.31000 2
1.00000 0.00000 0.00000 0.64500 0.52500 0.16000 1.50750 0.74550 0.24500 0.43250 2
0.00000 1.00000 0.00000 0.65000 0.51000 0.17000 1.56700 0.72450 0.34900 0.39100 2
0.00000 1.00000 0.00000 0.70000 0.54500 0.13000 1.55600 0.67250 0.37400 0.19500 2
0.00000 1.00000 0.00000 0.70500 0.57000 0.18000 1.53450 0.96000 0.41950 0.43000 2
1.00000 0.00000 0.00000 0.72000 0.57500 0.21500 2.17300 0.95150 0.56400 0.53650 2
0.00000 1.00000 0.00000 0.73000 0.58000 0.19000 1.73750 0.67850 0.43450 0.52000 2
0.00000 1.00000 0.00000 0.73500 0.56500 0.20500 2.12750 0.94900 0.46000 0.56500 2
0.00000 1.00000 0.00000 0.50500 0.38000 0.13500 0.68550 0.36100 0.15650 0.16100 2
0.00000 0.00000 1.00000 0.51500 0.40000 0.12500 0.56250 0.25000 0.12450 0.17000 2
1.00000 0.00000 0.00000 0.53000 0.40000 0.12500 0.75750 0.39800 0.15100 0.17500 2
0.00000 1.00000 0.00000 0.56000 0.43500 0.15000 0.87150 0.47550 0.18350 0.18350 2
1.00000 0.00000 0.00000 0.57000 0.44500 0.15000 0.98750 0.50400 0.20700 0.24900 2
0.00000 1.00000 0.00000 0.58000 0.46000 0.17500 1.16500 0.65000 0.22050 0.30550 2
1.00000 0.00000 0.00000 0.59000 0.44000 0.15000 0.87250 0.38700 0.21500 0.24500 2
0.00000 1.00000 0.00000 0.59000 0.46500 0.15000 1.15100 0.61300 0.23900 0.25150 2
0.00000 1.00000 0.00000 0.60500 0.48500 0.16000 1.20100 0.41700 0.28750 0.38000 2
1.00000 0.00000 0.00000 0.63500 0.51000 0.18500 1.30800 0.54400 0.31800 0.37700 2
0.00000 1.00000 0.00000 0.64000 0.51500 0.20500 1.53350 0.66350 0.33450 0.40250 2
1.00000 0.00000 0.00000 0.66000 0.50500 0.16500 1.37400 0.58900 0.35100 0.34500 2
0.00000 1.00000 0.00000 0.68000 0.50000 0.18500 1.74100 0.76650 0.32550 0.46850 2
1.00000 0.00000 0.00000 0.68000 0.51500 0.17000 1.61150 0.84150 0.30600 0.39500 2
1.00000 0.00000 0.00000 0.69000 0.52500 0.20000 1.78250 0.91650 0.33250 0.46100 2
0.00000 1.00000 0.00000 0.70000 0.55000 0.17000 1.68400 0.75350 0.32650 0.32000 2
1.00000 0.00000 0.00000 0.72000 0.56500 0.20000 2.10550 1.01700 0.36300 0.49400 2
0.00000 0.00000 1.00000 0.36000 0.26500 0.07500 0.18450 0.08300 0.03650 0.05500 2
0.00000 0.00000 1.00000 0.36500 0.27000 0.08500 0.22250 0.09350 0.05250 0.06600 2
0.00000 0.00000 1.00000 0.46500 0.37000 0.12000 0.43650 0.18800 0.08150 0.14700 2
0.00000 0.00000 1.00000 0.46500 0.34500 0.11000 0.39300 0.18250 0.07350 0.12000 2
0.00000 0.00000 1.00000 0.47500 0.36000 0.14500 0.63250 0.28250 0.13700 0.19000 2
1.00000 0.00000 0.00000 0.47500 0.36000 0.10000 0.42850 0.19650 0.09900 0.11200 2
0.00000 0.00000 1.00000 0.49000 0.40000 0.13500 0.62400 0.30350 0.12850 0.16900 2
0.00000 0.00000 1.00000 0.50000 0.37500 0.14000 0.55900 0.23750 0.13500 0.16900 2
0.00000 0.00000 1.00000 0.52000 0.39000 0.13000 0.55450 0.23550 0.10950 0.18950 2
1.00000 0.00000 0.00000 0.52500 0.41500 0.14500 0.84500 0.35250 0.16350 0.28750 2
0.00000 0.00000 1.00000 0.52500 0.38000 0.13500 0.61500 0.26100 0.15900 0.17500 2
0.00000 0.00000 1.00000 0.53000 0.42000 0.12000 0.59650 0.25550 0.14100 0.17700 2
0.00000 0.00000 1.00000 0.53000 0.43000 0.13500 0.62550 0.24500 0.14550 0.21350 2
0.00000 0.00000 1.00000 0.53500 0.40000 0.13000 0.65700 0.28350 0.16200 0.17500 2
0.00000 0.00000 1.00000 0.54000 0.43000 0.14000 0.81950 0.39350 0.17250 0.22950 2
0.00000 0.00000 1.00000 0.54000 0.42000 0.14000 0.62750 0.25050 0.11750 0.23500 2
0.00000 0.00000 1.00000 0.54000 0.42500 0.13500 0.68600 0.34750 0.15450 0.21300 2
0.00000 0.00000 1.00000 0.54500 0.37500 0.12000 0.54300 0.23750 0.11550 0.17250 2
0.00000 0.00000 1.00000 0.55000 0.42500 0.15000 0.63900 0.26900 0.13450 0.21700 2
0.00000 0.00000 1.00000 0.55000 0.42000 0.13500 0.81600 0.39950 0.14850 0.23000 2
0.00000 0.00000 1.00000 0.55000 0.42500 0.15000 0.76650 0.33900 0.17600 0.21000 2
0.00000 0.00000 1.00000 0.55500 0.43500 0.14000 0.76500 0.39450 0.15000 0.20600 2
0.00000 0.00000 1.00000 0.55500 0.46000 0.14500 0.90050 0.38450 0.15800 0.27650 2
0.00000 0.00000 1.00000 0.56000 0.44500 0.15000 0.82250 0.36850 0.18700 0.23600 2
1.00000 0.00000 0.00000 0.56500 0.43000 0.15000 0.83100 0.42450 0.17350 0.21900 2
1.00000 0.00000 0.00000 0.57500 0.45500 0.16500 0.86700 0.37650 0.18050 0.26800 2
0.00000 0.00000 1.00000 0.57500 0.42500 0.13500 0.79650 0.36400 0.19600 0.23900 2
1.00000 0.00000 0.00000 0.57500 0.47000 0.18500 0.98500 0.37450 0.21750 0.35500 2
0.00000 0.00000 1.00000 0.59500 0.46000 0.15000 0.83350 0.37700 0.19250 0.23500 2
0.00000 1.00000 0.00000 0.60000 0.46000 0.15500 0.97350 0.42700 0.20450 0.30000 2
0.00000 1.00000 0.00000 0.60000 0.47500 0.15000 1.13000 0.57500 0.19600 0.30500 2
1.00000 0.00000 0.00000 0.60000 0.47000 0.16000 1.19400 0.56250 0.30450 0.26350 2
1.00000 0.00000 0.00000 0.60500 0.47500 0.14500 0.88400 0.38350 0.19050 0.27000 2
0.00000 0.00000 1.00000 0.60500 0.47000 0.14500 0.80250 0.37900 0.22650 0.22000 2
0.00000 1.00000 0.00000 0.60500 0.48000 0.14000 0.99100 0.47350 0.23450 0.24000 2
0.00000 1.00000 0.00000 0.60500 0.50500 0.18000 1.43400 0.72850 0.26400 0.43100 2
0.00000 1.00000 0.00000 0.61000 0.46500 0.16000 1.07250 0.48350 0.25150 0.28000 2
0.00000 1.00000 0.00000 0.61000 0.47500 0.16000 1.11550 0.38350 0.22300 0.37900 2
0.00000 0.00000 1.00000 0.62000 0.48500 0.18000 1.15400 0.49350 0.25600 0.31500 2
0.00000 1.00000 0.00000 0.62000 0.48000 0.17500 1.04050 0.46400 0.22250 0.30000 2
1.00000 0.00000 0.00000 0.62500 0.47500 0.16000 1.08450 0.50050 0.23550 0.31050 2
0.00000 0.00000 1.00000 0.62500 0.47000 0.15500 1.19550 0.64300 0.20550 0.31450 2
0.00000 0.00000 1.00000 0.62500 0.48500 0.15000 1.04400 0.43800 0.28650 0.27800 2
1.00000 0.00000 0.00000 0.63000 0.49000 0.17000 1.17450 0.52550 0.27300 0.33900 2
1.00000 0.00000 0.00000 0.63500 0.50000 0.17000 1.43450 0.61100 0.30900 0.41800 2
0.00000 1.00000 0.00000 0.63500 0.49000 0.17000 1.26150 0.53850 0.26650 0.38000 2
0.00000 1.00000 0.00000 0.64000 0.50500 0.16500 1.22350 0.52150 0.26950 0.36000 2
1.00000 0.00000 0.00000 0.64500 0.51000 0.19500 1.22600 0.58850 0.22150 0.37450 2
1.00000 0.00000 0.00000 0.64500 0.51000 0.16000 1.33000 0.66650 0.30900 0.31700 2
0.00000 1.00000 0.00000 0.64500 0.51000 0.16000 1.24150 0.58150 0.27600 0.31500 2
1.00000 0.00000 0.00000 0.65000 0.51000 0.16000 1.38350 0.63850 0.29050 0.36650 2
0.00000 1.00000 0.00000 0.65500 0.50500 0.19500 1.44050 0.68800 0.38050 0.36300 2
1.00000 0.00000 0.00000 0.66500 0.50500 0.16000 1.28900 0.61450 0.25300 0.36650 2
0.00000 1.00000 0.00000 0.68000 0.51000 0.20000 1.60750 0.71400 0.33900 0.47050 2
1.00000 0.00000 0.00000 0.68500 0.52000 0.15000 1.37350 0.71850 0.29300 0.32000 2
0.00000 1.00000 0.00000 0.69000 0.55000 0.20000 1.56900 0.68700 0.36750 0.46000 2
0.00000 1.00000 0.00000 0.70500 0.54500 0.17000 1.58000 0.64350 0.45650 0.26500 2
0.00000 1.00000 0.00000 0.71000 0.57000 0.19500 1.98050 0.99250 0.49250 0.48000 2
1.00000 0.00000 0.00000 0.71000 0.56000 0.22000 2.01500 0.92150 0.45400 0.56600 2
0.00000 1.00000 0.00000 0.74000 0.56500 0.20500 2.11900 0.96550 0.51850 0.48200 2
1.00000 0.00000 0.00000 0.75000 0.59500 0.20500 2.22050 1.08300 0.42100 0.63000 2
1.00000 0.00000 0.00000 0.52500 0.38000 0.12500 0.65000 0.30300 0.15500 0.15900 2
1.00000 0.00000 0.00000 0.53000 0.41000 0.14000 0.75450 0.34950 0.17150 0.21050 2
0.00000 1.00000 0.00000 0.53500 0.42500 0.13500 0.77100 0.37650 0.18150 0.17950 2
0.00000 0.00000 1.00000 0.54500 0.42000 0.16500 0.89350 0.42350 0.21950 0.22800 2
1.00000 0.00000 0.00000 0.60500 0.47500 0.17500 1.25250 0.55750 0.30550 0.34300 2
0.00000 1.00000 0.00000 0.66500 0.51500 0.18500 1.34050 0.55950 0.29300 0.43750 2
0.00000 1.00000 0.00000 0.72000 0.55000 0.19500 2.07300 1.07150 0.42650 0.50150 2
0.00000 0.00000 1.00000 0.39000 0.31000 0.10500 0.26650 0.11850 0.05250 0.08100 2
0.00000 0.00000 1.00000 0.44500 0.33000 0.11000 0.35800 0.15250 0.06700 0.11850 2
0.00000 0.00000 1.00000 0.48500 0.38500 0.13000 0.56800 0.25050 0.17800 0.15400 2
0.00000 0.00000 1.00000 0.49500 0.38000 0.14500 0.50000 0.20500 0.14800 0.15050 2
0.00000 0.00000 1.00000 0.51500 0.41500 0.13500 0.71250 0.28500 0.15200 0.24500 2
0.00000 0.00000 1.00000 0.52000 0.38500 0.11500 0.58100 0.25550 0.15600 0.14300 2
0.00000 0.00000 1.00000 0.52500 0.41500 0.12000 0.59600 0.28050 0.12000 0.16950 2
0.00000 0.00000 1.00000 0.53000 0.39500 0.13000 0.57500 0.24700 0.11500 0.18300 2
0.00000 0.00000 1.00000 0.54500 0.42500 0.14000 0.81450 0.30500 0.23100 0.24400 2
0.00000 0.00000 1.00000 0.54500 0.43000 0.14000 0.68700 0.26150 0.14050 0.25000 2
1.00000 0.00000 0.00000 0.55500 0.43500 0.14000 0.74950 0.34100 0.16450 0.21400 2
0.00000 0.00000 1.00000 0.56000 0.44500 0.16500 0.83200 0.34550 0.17900 0.27900 2
0.00000 1.00000 0.00000 0.56500 0.44500 0.12500 0.83050 0.31350 0.17850 0.23000 2
1.00000 0.00000 0.00000 0.57000 0.45500 0.15500 0.83200 0.35850 0.17400 0.27700 2
1.00000 0.00000 0.00000 0.57500 0.47500 0.14500 0.85700 0.36650 0.17300 0.26900 2
0.00000 1.00000 0.00000 0.58000 0.45000 0.19500 0.82650 0.40350 0.17300 0.22500 2
0.00000 0.00000 1.00000 0.58000 0.44000 0.14500 0.79050 0.35250 0.16450 0.24200 2
1.00000 0.00000 0.00000 0.60000 0.47500 0.15000 0.99000 0.38600 0.21950 0.31050 2
0.00000 0.00000 1.00000 0.60500 0.49000 0.16500 1.07100 0.48200 0.19350 0.35200 2
0.00000 1.00000 0.00000 0.60500 0.45500 0.14500 0.86200 0.33400 0.19850 0.30000 2
1.00000 0.00000 0.00000 0.60500 0.47000 0.18000 1.11550 0.47900 0.25650 0.32100 2
0.00000 1.00000 0.00000 0.61000 0.46000 0.14500 1.11850 0.47800 0.29450 0.29850 2
1.00000 0.00000 0.00000 0.61500 0.47000 0.15000 1.08750 0.49750 0.28300 0.26850 2
1.00000 0.00000 0.00000 0.62000 0.49000 0.16000 1.03500 0.44000 0.25250 0.28500 2
0.00000 1.00000 0.00000 0.62000 0.49500 0.17000 1.06200 0.37200 0.21300 0.34000 2
0.00000 1.00000 0.00000 0.63500 0.48500 0.16500 1.26950 0.56350 0.30650 0.33950 2
0.00000 1.00000 0.00000 0.63500 0.50500 0.15500 1.28950 0.59400 0.31400 0.34500 2
1.00000 0.00000 0.00000 0.64000 0.53000 0.16500 1.18950 0.47650 0.30000 0.35000 2
0.00000 1.00000 0.00000 0.64000 0.51500 0.16500 1.31150 0.49450 0.25550 0.41000 2
0.00000 1.00000 0.00000 0.64000 0.48500 0.18500 1.41950 0.67350 0.34650 0.32550 2
0.00000 1.00000 0.00000 0.65000 0.51000 0.18500 1.37500 0.53100 0.38400 0.39850 2
0.00000 1.00000 0.00000 0.65500 0.51500 0.18000 1.41200 0.61950 0.24850 0.49700 2
0.00000 1.00000 0.00000 0.66500 0.50000 0.15000 1.24750 0.46250 0.29550 0.35950 2
0.00000 1.00000 0.00000 0.70500 0.53500 0.22000 1.86600 0.92900 0.38350 0.43950 2
1.00000 0.00000 0.00000 0.72000 0.56500 0.19000 2.08100 1.08150 0.43050 0.50300 2
0.00000 1.00000 0.00000 0.75000 0.55000 0.19500 1.83250 0.83000 0.36600 0.44000 2
0.00000 0.00000 1.00000 0.35500 0.27000 0.10500 0.27100 0.14250 0.05250 0.07350 2
0.00000 0.00000 1.00000 0.36000 0.27000 0.08500 0.19600 0.09050 0.03400 0.05300 2
1.00000 0.00000 0.00000 0.47000 0.36500 0.13500 0.52200 0.23950 0.15250 0.14500 2
1.00000 0.00000 0.00000 0.56500 0.44500 0.14500 0.92550 0.43450 0.21200 0.24750 2
0.00000 1.00000 0.00000 0.57000 0.43500 0.15000 0.82950 0.38750 0.15600 0.24500 2
0.00000 0.00000 1.00000 0.44500 0.32000 0.12000 0.37800 0.15200 0.08250 0.12000 2
0.00000 1.00000 0.00000 0.45500 0.35500 1.13000 0.59400 0.33200 0.11600 0.13350 2
1.00000 0.00000 0.00000 0.46000 0.34500 0.11000 0.45950 0.23500 0.08850 0.11600 2
1.00000 0.00000 0.00000 0.46500 0.36000 0.11000 0.49550 0.26650 0.08500 0.12100 2
0.00000 0.00000 1.00000 0.46500 0.35500 0.09000 0.43250 0.20050 0.07400 0.12750 2
0.00000 0.00000 1.00000 0.49000 0.37000 0.11000 0.53800 0.27100 0.10350 0.13900 2
1.00000 0.00000 0.00000 0.50000 0.39000 0.13500 0.78150 0.36100 0.15750 0.23850 2
0.00000 1.00000 0.00000 0.50000 0.38000 0.14000 0.63550 0.27700 0.14300 0.17850 2
1.00000 0.00000 0.00000 0.53500 0.42000 0.12500 0.73800 0.35500 0.18950 0.17950 2
0.00000 1.00000 0.00000 0.53500 0.42000 0.13000 0.69900 0.31250 0.15650 0.20350 2
1.00000 0.00000 0.00000 0.55000 0.41000 0.13000 0.87050 0.44550 0.21150 0.21300 2
0.00000 1.00000 0.00000 0.56500 0.44000 0.13500 0.83000 0.39300 0.17350 0.23800 2
0.00000 1.00000 0.00000 0.58000 0.43500 0.15000 0.83900 0.34850 0.20700 0.19200 2
1.00000 0.00000 0.00000 0.59500 0.46500 0.15000 0.91900 0.43350 0.17650 0.26200 2
0.00000 1.00000 0.00000 0.60000 0.47000 0.19000 1.13450 0.49200 0.25950 0.33750 2
0.00000 1.00000 0.00000 0.66500 0.52500 0.21000 1.64400 0.81800 0.33950 0.42750 2
1.00000 0.00000 0.00000 0.68500 0.55000 0.20000 1.77250 0.81300 0.38700 0.49000 2
0.00000 1.00000 0.00000 0.72000 0.57500 0.21500 2.10000 0.85650 0.48250 0.60200 2
0.00000 1.00000 0.00000 0.50500 0.38500 0.11500 0.61600 0.24300 0.10750 0.21000 2
0.00000 0.00000 1.00000 0.40500 0.30500 0.09000 0.28250 0.11400 0.05750 0.09500 2
1.00000 0.00000 0.00000 0.41500 0.30000 0.10000 0.33550 0.15450 0.06850 0.09500 2
1.00000 0.00000 0.00000 0.50000 0.39000 0.14500 0.65100 0.27300 0.13200 0.22000 2
0.00000 1.00000 0.00000 0.37500 0.29000 0.08000 0.28200 0.14050 0.07250 0.08000 2
0.00000 1.00000 0.00000 0.48000 0.38000 0.12000 0.60800 0.27050 0.14050 0.18500 2
1.00000 0.00000 0.00000 0.38500 0.29500 0.09500 0.33500 0.14700 0.09400 0.09000 2
0.00000 1.00000 0.00000 0.50000 0.40000 0.12500 0.57650 0.23950 0.12600 0.18500 2
1.00000 0.00000 0.00000 0.62000 0.51000 0.17500 1.15050 0.43750 0.22650 0.40000 2
1.00000 0.00000 0.00000 0.47000 0.37000 0.10500 0.46650 0.20250 0.10150 0.15500 2
0.00000 1.00000 0.00000 0.41500 0.32500 0.11500 0.34550 0.14050 0.07650 0.11000 2
1.00000 0.00000 0.00000 0.46500 0.35000 0.12000 0.52050 0.20150 0.16250 0.18500 2
1.00000 0.00000 0.00000 0.46000 0.37500 0.13500 0.49350 0.18600 0.08450 0.17000 2
1.00000 0.00000 0.00000 0.27000 0.19500 0.07000 0.10600 0.04650 0.01800 0.03600 2
1.00000 0.00000 0.00000 0.44500 0.35500 0.11000 0.44150 0.18050 0.10350 0.15050 2
1.00000 0.00000 0.00000 0.55000 0.44000 0.13500 0.87900 0.36800 0.20950 0.26500 2
0.00000 1.00000 0.00000 0.46000 0.36000 0.11500 0.47550 0.21050 0.10500 0.16000 2
0.00000 1.00000 0.00000 0.38000 0.32500 0.11000 0.31050 0.12000 0.07400 0.10500 2
1.00000 0.00000 0.00000 0.51000 0.40500 0.13000 0.71750 0.37250 0.15800 0.17000 2
1.00000 0.00000 0.00000 0.52500 0.40500 0.13500 0.75750 0.33050 0.21600 0.19500 2
0.00000 0.00000 1.00000 0.48500 0.41500 0.14000 0.57050 0.25000 0.13400 0.18500 2
0.00000 0.00000 1.00000 0.42000 0.33000 0.10000 0.35200 0.16350 0.08900 0.10000 2
0.00000 1.00000 0.00000 0.52000 0.42500 0.15000 0.81300 0.38500 0.20150 0.23000 2
1.00000 0.00000 0.00000 0.59000 0.49000 0.13500 1.00800 0.42200 0.22450 0.28500 2
1.00000 0.00000 0.00000 0.43000 0.34500 0.11500 0.30450 0.09250 0.05500 0.12000 2
0.00000 0.00000 1.00000 0.42000 0.34500 0.11500 0.34350 0.15150 0.07950 0.11500 2
0.00000 1.00000 0.00000 0.59000 0.47000 0.17000 0.90000 0.35500 0.19050 0.25000 2
1.00000 0.00000 0.00000 0.50500 0.40000 0.13000 0.76400 0.30350 0.18900 0.21750 2
1.00000 0.00000 0.00000 0.55000 0.45000 0.15500 0.78950 0.34300 0.15900 0.25000 2
0.00000 1.00000 0.00000 0.45000 0.34500 0.11500 0.49600 0.19050 0.11700 0.14000 2
1.00000 0.00000 0.00000 0.42000 0.34000 0.12500 0.44950 0.16500 0.11250 0.14400 2
1.00000 0.00000 0.00000 0.37000 0.29000 0.09000 0.24100 0.11000 0.04500 0.06900 2
0.00000 0.00000 1.00000 0.30000 0.22000 0.09000 0.14250 0.05700 0.03350 0.04300 2
0.00000 0.00000 1.00000 0.50000 0.39500 0.12000 0.53700 0.21650 0.10850 0.17850 2
0.00000 1.00000 0.00000 0.41000 0.31500 0.11000 0.32100 0.12550 0.06550 0.09500 2
0.00000 0.00000 1.00000 0.33500 0.24000 0.09500 0.17000 0.06200 0.03900 0.05500 2
0.00000 1.00000 0.00000 0.34500 0.25500 0.10000 0.19700 0.07100 0.05100 0.06000 2
1.00000 0.00000 0.00000 0.35000 0.26000 0.09000 0.19800 0.07250 0.05600 0.06000 2
1.00000 0.00000 0.00000 0.50000 0.39000 0.13000 0.70900 0.27500 0.16800 0.18000 2
1.00000 0.00000 0.00000 0.44000 0.32500 0.11500 0.39000 0.16300 0.08700 0.11300 2
1.00000 0.00000 0.00000 0.40000 0.30500 0.13000 0.29350 0.09600 0.06750 0.10500 2
1.00000 0.00000 0.00000 0.50500 0.40000 0.15500 0.84150 0.27150 0.17750 0.28500 2
0.00000 1.00000 0.00000 0.48000 0.39000 0.12500 0.69050 0.21900 0.15500 0.20000 2
0.00000 1.00000 0.00000 0.33000 0.26000 0.08000 0.20000 0.06250 0.05000 0.07000 2
1.00000 0.00000 0.00000 0.54500 0.45000 0.15000 0.87950 0.38700 0.15000 0.26250 2
1.00000 0.00000 0.00000 0.58000 0.46000 0.18000 1.14500 0.48000 0.27700 0.32500 2
1.00000 0.00000 0.00000 0.59500 0.49000 0.18500 1.18500 0.48200 0.20150 0.36100 2
0.00000 1.00000 0.00000 0.60000 0.50000 0.15500 1.33200 0.62350 0.28350 0.35000 2
0.00000 1.00000 0.00000 0.60000 0.48500 0.16500 1.14050 0.58700 0.21750 0.28800 2
1.00000 0.00000 0.00000 0.64000 0.58500 0.19500 1.64700 0.72250 0.33100 0.47100 2
0.00000 1.00000 0.00000 0.65500 0.54500 0.16500 1.62250 0.65550 0.29900 0.51300 2
0.00000 1.00000 0.00000 0.69000 0.55000 0.18000 1.65900 0.87150 0.26550 0.43950 2
0.00000 0.00000 1.00000 0.34000 0.26500 0.07000 0.18500 0.06250 0.03950 0.07000 2
0.00000 0.00000 1.00000 0.44000 0.33500 0.11000 0.38850 0.17500 0.08350 0.11100 2
0.00000 0.00000 1.00000 0.46500 0.35500 0.11000 0.47400 0.23000 0.10050 0.12000 2
1.00000 0.00000 0.00000 0.48000 0.37000 0.10000 0.51350 0.24300 0.10150 0.13500 2
1.00000 0.00000 0.00000 0.52500 0.41500 0.13500 0.79450 0.39400 0.18900 0.20200 2
1.00000 0.00000 0.00000 0.52500 0.42500 0.12500 0.81200 0.40350 0.17050 0.19500 2
0.00000 1.00000 0.00000 0.53000 0.40500 0.15000 0.88900 0.40550 0.22750 0.21500 2
0.00000 1.00000 0.00000 0.57000 0.43500 0.14000 0.85850 0.39050 0.19600 0.22950 2
0.00000 1.00000 0.00000 0.58500 0.45000 0.16000 0.90450 0.40500 0.22150 0.23350 2
0.00000 1.00000 0.00000 0.59500 0.46500 0.15000 1.02550 0.41200 0.27450 0.28900 2
0.00000 1.00000 0.00000 0.61500 0.48500 0.16000 1.15750 0.50050 0.24950 0.31500 2
1.00000 0.00000 0.00000 0.61500 0.47000 0.15500 1.20000 0.50850 0.32000 0.29200 2
0.00000 1.00000 0.00000 0.62500 0.49000 0.17500 1.10750 0.44850 0.21650 0.35950 2
0.00000 1.00000 0.00000 0.63000 0.49500 0.20000 1.42550 0.65900 0.33600 0.38000 2
1.00000 0.00000 0.00000 0.64500 0.50000 0.17500 1.51050 0.67350 0.37550 0.37750 2
1.00000 0.00000 0.00000 0.67000 0.52000 0.19000 1.63850 0.81150 0.36900 0.39100 2
0.00000 0.00000 1.00000 0.47500 0.36500 0.10000 0.13150 0.20250 0.08750 0.12300 2
0.00000 0.00000 1.00000 0.48500 0.37500 0.13000 0.55350 0.26600 0.11200 0.15700 2
0.00000 0.00000 1.00000 0.49000 0.37500 0.12500 0.54450 0.27900 0.11500 0.13000 2
0.00000 0.00000 1.00000 0.51000 0.39500 0.15500 0.53950 0.24650 0.10850 0.16700 2
0.00000 0.00000 1.00000 0.51000 0.38500 0.15000 0.62500 0.30950 0.11900 0.17250 2
0.00000 1.00000 0.00000 0.54500 0.43000 0.14000 0.83200 0.43550 0.17000 0.20100 2
0.00000 1.00000 0.00000 0.54500 0.40000 0.14000 0.77800 0.36800 0.21500 0.18000 2
0.00000 1.00000 0.00000 0.55000 0.44000 0.13500 0.84350 0.43400 0.19950 0.18500 2
1.00000 0.00000 0.00000 0.56500 0.43000 0.13000 0.78400 0.34950 0.18850 0.21300 2
0.00000 1.00000 0.00000 0.57000 0.45000 0.18000 0.90800 0.40150 0.21700 0.25500 2
1.00000 0.00000 0.00000 0.59500 0.47000 0.16500 1.10800 0.49150 0.23250 0.33450 2
0.00000 1.00000 0.00000 0.61500 0.47000 0.15500 1.08400 0.58850 0.20900 0.24600 2
1.00000 0.00000 0.00000 0.64500 0.51500 0.16000 1.18450 0.50600 0.31100 0.33500 2
0.00000 1.00000 0.00000 0.65000 0.49000 0.15500 1.12200 0.54500 0.22800 0.30550 2
1.00000 0.00000 0.00000 0.70000 0.52500 0.17500 1.75850 0.87450 0.36150 0.47000 2
1.00000 0.00000 0.00000 0.73500 0.57000 0.17500 1.88000 0.90950 0.38700 0.48800 2
1.00000 0.00000 0.00000 0.75000 0.55500 0.21500 2.20100 1.06150 0.52350 0.52850 2
0.00000 0.00000 1.00000 0.37000 0.27500 0.09000 0.20650 0.09600 0.03950 0.05800 2
0.00000 0.00000 1.00000 0.37500 0.27500 0.09500 0.22950 0.09500 0.05450 0.06600 2
0.00000 0.00000 1.00000 0.38500 0.30000 0.12500 0.34300 0.17050 0.07350 0.08100 2
0.00000 0.00000 1.00000 0.41000 0.31500 0.10000 0.30000 0.12400 0.05750 0.10000 2
0.00000 0.00000 1.00000 0.41000 0.32500 0.11000 0.32600 0.13250 0.07500 0.10100 2
0.00000 0.00000 1.00000 0.46000 0.34500 0.10500 0.41500 0.18700 0.08700 0.11000 2
0.00000 0.00000 1.00000 0.49000 0.36500 0.12500 0.55850 0.25200 0.12600 0.16150 2
0.00000 0.00000 1.00000 0.50500 0.38500 0.12500 0.59600 0.24500 0.09700 0.21000 2
0.00000 1.00000 0.00000 0.54500 0.44000 0.15000 0.94750 0.36600 0.23900 0.27500 2
0.00000 0.00000 1.00000 0.55000 0.42000 0.15500 0.91200 0.49500 0.18050 0.20500 2
0.00000 0.00000 1.00000 0.56000 0.44000 0.14000 0.82500 0.40200 0.13900 0.24500 2
0.00000 0.00000 1.00000 0.56000 0.43500 0.13500 0.72000 0.32900 0.10300 0.25100 2
0.00000 0.00000 1.00000 0.56500 0.43000 0.15000 0.82150 0.33200 0.16850 0.29000 2
0.00000 1.00000 0.00000 0.57000 0.44500 0.15500 1.01700 0.52650 0.20250 0.26500 2
0.00000 1.00000 0.00000 0.58000 0.46500 0.14500 0.98650 0.47000 0.21550 0.25000 2
1.00000 0.00000 0.00000 0.59500 0.47500 0.14000 1.03050 0.49250 0.21700 0.27800 2
1.00000 0.00000 0.00000 0.60000 0.48000 0.09000 1.05000 0.45700 0.26850 0.28000 2
1.00000 0.00000 0.00000 0.60000 0.51000 0.18500 1.28500 0.60950 0.27450 0.31500 2
1.00000 0.00000 0.00000 0.63000 0.50500 0.17500 1.22100 0.55500 0.25200 0.34000 2
1.00000 0.00000 0.00000 0.64000 0.51500 0.08000 1.04200 0.51500 0.17550 0.17500 2
0.00000 0.00000 1.00000 0.32000 0.23500 0.09000 0.18300 0.09800 0.03350 0.04200 2
0.00000 0.00000 1.00000 0.45000 0.33500 0.10500 0.36200 0.15750 0.07950 0.10950 2
0.00000 0.00000 1.00000 0.46000 0.36500 0.11500 0.51100 0.23650 0.11800 0.12300 2
1.00000 0.00000 0.00000 0.50000 0.36500 0.13000 0.59450 0.30900 0.10850 0.15350 2
1.00000 0.00000 0.00000 0.53500 0.40500 0.14000 0.81800 0.40200 0.17150 0.18900 2
0.00000 1.00000 0.00000 0.54000 0.42000 0.14000 0.80350 0.38000 0.18050 0.21000 2
0.00000 1.00000 0.00000 0.57000 0.42500 0.13000 0.78200 0.36950 0.17450 0.19650 2
0.00000 1.00000 0.00000 0.59000 0.45500 0.15000 0.97600 0.46500 0.20550 0.27650 2
1.00000 0.00000 0.00000 0.59500 0.43500 0.16000 1.05700 0.42550 0.22400 0.31000 2
1.00000 0.00000 0.00000 0.60000 0.45000 0.16000 1.14200 0.53900 0.22500 0.30700 2
1.00000 0.00000 0.00000 0.62500 0.47500 0.17500 1.34050 0.65600 0.28300 0.33700 2
1.00000 0.00000 0.00000 0.62500 0.50000 0.13000 1.08200 0.57850 0.20450 0.25000 2
0.00000 1.00000 0.00000 0.62500 0.48500 0.16000 1.25400 0.59100 0.25900 0.34850 2
1.00000 0.00000 0.00000 0.63000 0.49000 0.16500 1.20050 0.57500 0.27300 0.29400 2
0.00000 1.00000 0.00000 0.65500 0.51500 0.15500 1.30900 0.52400 0.34600 0.38500 2
0.00000 0.00000 1.00000 0.37500 0.28000 0.08500 0.21450 0.08550 0.04850 0.07200 2
0.00000 0.00000 1.00000 0.44500 0.31000 0.09000 0.33600 0.15550 0.09000 0.08550 2
0.00000 1.00000 0.00000 0.46500 0.35000 0.11000 0.40850 0.16500 0.10200 0.13100 2
0.00000 0.00000 1.00000 0.50000 0.37000 0.12000 0.54450 0.24900 0.10650 0.15200 2
0.00000 0.00000 1.00000 0.50500 0.40000 0.12500 0.56050 0.22550 0.14350 0.17000 2
0.00000 0.00000 1.00000 0.52000 0.40000 0.11000 0.59700 0.29350 0.11550 0.16000 2
0.00000 0.00000 1.00000 0.54000 0.42500 0.13000 0.81550 0.36750 0.13650 0.24600 2
0.00000 0.00000 1.00000 0.54000 0.41500 0.11000 0.61900 0.27550 0.15000 0.17650 2
0.00000 1.00000 0.00000 0.58000 0.44000 0.12500 0.78550 0.36300 0.19550 0.19500 2
0.00000 0.00000 1.00000 0.58500 0.45000 0.13500 0.85500 0.37950 0.18700 0.26000 2
0.00000 0.00000 1.00000 0.60000 0.44500 0.13500 0.92050 0.44500 0.20350 0.25300 2
1.00000 0.00000 0.00000 0.60500 0.49000 0.18000 1.16700 0.45700 0.29000 0.37450 2
0.00000 0.00000 1.00000 0.60500 0.48000 0.15500 0.99950 0.42500 0.19850 0.30000 2
0.00000 0.00000 1.00000 0.61000 0.49000 0.16000 1.15450 0.58650 0.23850 0.29150 2
1.00000 0.00000 0.00000 0.61500 0.45500 0.15000 0.93350 0.38200 0.24700 0.26150 2
0.00000 1.00000 0.00000 0.63500 0.48500 0.19000 1.37650 0.63400 0.28850 0.40600 2
1.00000 0.00000 0.00000 0.63500 0.51500 0.16000 1.20750 0.53850 0.28200 0.34500 2
1.00000 0.00000 0.00000 0.64000 0.57500 0.17500 1.45850 0.62500 0.26600 0.43950 2
1.00000 0.00000 0.00000 0.64500 0.49500 0.19000 1.53900 0.61150 0.40800 0.44500 2
0.00000 1.00000 0.00000 0.65000 0.56500 0.20000 1.66450 0.75300 0.36700 0.43000 2
0.00000 1.00000 0.00000 0.65500 0.50000 0.20500 1.52800 0.62150 0.37250 0.45350 2
1.00000 0.00000 0.00000 0.67000 0.52500 0.17000 1.40050 0.71500 0.30250 0.38700 2
1.00000 0.00000 0.00000 0.67000 0.52500 0.19500 1.44050 0.65950 0.26750 0.42500 2
1.00000 0.00000 0.00000 0.74500 0.57500 0.20000 1.88400 0.95400 0.33600 0.49500 2
0.00000 0.00000 1.00000 0.43000 0.34500 0.11500 0.42950 0.21200 0.10800 0.10900 2
1.00000 0.00000 0.00000 0.48500 0.36500 0.15500 1.02900 0.42350 0.22850 0.31300 2
1.00000 0.00000 0.00000 0.55500 0.40500 0.19000 1.40600 0.61150 0.34200 0.38900 2
1.00000 0.00000 0.00000 0.64000 0.48500 0.16000 1.00600 0.45600 0.22450 0.28350 2
1.00000 0.00000 0.00000 0.64500 0.50500 0.18500 1.46300 0.59200 0.39050 0.41600 2
0.00000 0.00000 1.00000 0.37500 0.28500 0.09000 0.23700 0.10600 0.03950 0.08000 2
0.00000 0.00000 1.00000 0.39000 0.30000 0.10000 0.26650 0.11050 0.05900 0.08400 2
0.00000 0.00000 1.00000 0.39000 0.28000 0.09000 0.21500 0.08450 0.03400 0.07900 2
0.00000 0.00000 1.00000 0.44000 0.32000 0.10500 0.38750 0.17550 0.07400 0.12000 2
0.00000 0.00000 1.00000 0.46000 0.37000 0.11000 0.39650 0.14850 0.08550 0.14550 2
0.00000 0.00000 1.00000 0.51500 0.38500 0.12500 0.57200 0.23700 0.14350 0.16500 2
0.00000 0.00000 1.00000 0.52000 0.41000 0.14000 0.66250 0.27750 0.15550 0.19600 2
0.00000 0.00000 1.00000 0.52000 0.39500 0.11500 0.64450 0.31550 0.12450 0.18600 2
0.00000 0.00000 1.00000 0.52500 0.40000 0.11000 0.62750 0.30150 0.12600 0.18000 2
0.00000 0.00000 1.00000 0.55000 0.40500 0.15000 0.67550 0.30150 0.14650 0.21000 2
1.00000 0.00000 0.00000 0.56000 0.45000 0.14500 0.89400 0.38850 0.20950 0.26400 2
1.00000 0.00000 0.00000 0.57000 0.45000 0.14500 0.95000 0.40050 0.22350 0.28450 2
0.00000 0.00000 1.00000 0.57500 0.44500 0.16000 0.91750 0.45000 0.19350 0.24000 2
0.00000 1.00000 0.00000 0.58000 0.43500 0.15500 0.87850 0.42500 0.16850 0.24250 2
0.00000 1.00000 0.00000 0.60000 0.45000 0.14000 0.86900 0.34250 0.19500 0.29100 2
1.00000 0.00000 0.00000 0.60000 0.45000 0.15000 0.86650 0.36950 0.19550 0.25500 2
0.00000 1.00000 0.00000 0.61000 0.49500 0.16000 1.08900 0.46900 0.19800 0.38400 2
1.00000 0.00000 0.00000 0.61500 0.48500 0.21500 0.96150 0.42200 0.17600 0.29000 2
0.00000 0.00000 1.00000 0.62000 0.47500 0.16000 0.90700 0.37100 0.16700 0.30750 2
0.00000 1.00000 0.00000 0.62500 0.51500 0.15500 1.16350 0.48750 0.25900 0.35500 2
0.00000 1.00000 0.00000 0.63500 0.49000 0.15500 1.14500 0.47750 0.30350 0.31550 2
0.00000 1.00000 0.00000 0.64000 0.48500 0.14500 1.13350 0.55250 0.25050 0.30150 2
1.00000 0.00000 0.00000 0.65000 0.51000 0.17500 1.31650 0.63450 0.26050 0.36400 2
0.00000 1.00000 0.00000 0.68000 0.52000 0.18500 1.49400 0.61500 0.39350 0.40600 2
1.00000 0.00000 0.00000 0.68500 0.51000 0.16500 1.54500 0.68600 0.37750 0.40550 2
0.00000 1.00000 0.00000 0.70000 0.55500 0.22000 1.66600 0.64700 0.42850 0.45500 2
0.00000 1.00000 0.00000 0.75500 0.57500 0.20000 2.07300 1.01350 0.46550 0.48000 2
0.00000 1.00000 0.00000 0.52000 0.43000 0.15000 0.72800 0.30200 0.15750 0.23500 2
1.00000 0.00000 0.00000 0.54500 0.43500 0.14500 0.93850 0.36850 0.12450 0.34500 2
1.00000 0.00000 0.00000 0.64500 0.50000 0.18000 1.46100 0.59850 0.24250 0.43900 2
0.00000 0.00000 1.00000 0.41000 0.32500 0.10500 0.36100 0.16050 0.06650 0.10300 2
0.00000 0.00000 1.00000 0.41500 0.32000 0.11500 0.30450 0.12150 0.07350 0.09400 2
1.00000 0.00000 0.00000 0.46500 0.40500 0.13500 0.77750 0.43600 0.17150 0.14550 2
0.00000 1.00000 0.00000 0.63000 0.49500 0.19000 1.16550 0.53600 0.21150 0.16250 2
0.00000 1.00000 0.00000 0.68500 0.53000 0.17000 1.51050 0.73850 0.35250 0.37250 2
0.00000 0.00000 1.00000 0.33500 0.26000 0.09000 0.18350 0.07800 0.02400 0.06500 2
1.00000 0.00000 0.00000 0.54000 0.41000 0.13000 0.56000 0.23750 0.10650 0.17500 2
1.00000 0.00000 0.00000 0.55000 0.43500 0.11000 0.80600 0.34150 0.20300 0.21500 2
0.00000 0.00000 1.00000 0.27500 0.20000 0.06500 0.11650 0.05650 0.01300 0.03500 2
1.00000 0.00000 0.00000 0.56000 0.45000 0.15500 0.91250 0.35950 0.27100 0.35000 2
1.00000 0.00000 0.00000 0.38000 0.30000 0.10000 0.25050 0.10600 0.05350 0.07750 2
1.00000 0.00000 0.00000 0.64500 0.50500 0.16500 1.30700 0.43350 0.26200 0.52000 2
1.00000 0.00000 0.00000 0.33500 0.26500 0.09500 0.19750 0.07950 0.03750 0.07000 2
0.00000 0.00000 1.00000 0.32000 0.25000 0.08000 0.15650 0.05700 0.03400 0.06000 2
1.00000 0.00000 0.00000 0.56500 0.45000 0.14000 1.00550 0.37850 0.24400 0.26500 2
0.00000 1.00000 0.00000 0.62000 0.48500 0.17500 1.27100 0.53100 0.30750 0.37000 2
1.00000 0.00000 0.00000 0.42500 0.34000 0.12000 0.38800 0.14900 0.08700 0.12500 2
1.00000 0.00000 0.00000 0.50000 0.40000 0.14500 0.60250 0.21600 0.13800 0.21000 2
0.00000 1.00000 0.00000 0.42000 0.32000 0.13000 0.41350 0.16450 0.10600 0.11900 2
0.00000 0.00000 1.00000 0.34500 0.28500 0.10000 0.22250 0.08650 0.05800 0.07500 2
1.00000 0.00000 0.00000 0.59500 0.50000 0.16500 1.06000 0.40200 0.28000 0.27500 2
1.00000 0.00000 0.00000 0.48000 0.38000 0.13000 0.61750 0.30000 0.14200 0.17500 2
0.00000 1.00000 0.00000 0.43500 0.35000 0.10500 0.41950 0.19400 0.10050 0.13000 2
1.00000 0.00000 0.00000 0.50500 0.38500 0.11000 0.65500 0.31850 0.15000 0.18500 2
0.00000 1.00000 0.00000 0.59500 0.46500 0.14500 1.10700 0.40200 0.24150 0.31000 2
1.00000 0.00000 0.00000 0.52500 0.41500 0.16000 0.64450 0.26000 0.15750 0.22000 2
1.00000 0.00000 0.00000 0.53000 0.40500 0.13000 0.73800 0.28450 0.17000 0.19300 2
0.00000 1.00000 0.00000 0.48000 0.38000 0.13500 0.50700 0.19150 0.13650 0.15500 2
1.00000 0.00000 0.00000 0.40000 0.31000 0.11000 0.31400 0.13800 0.05700 0.10000 2
1.00000 0.00000 0.00000 0.35000 0.26000 0.09000 0.19500 0.07450 0.04100 0.06550 2
0.00000 1.00000 0.00000 0.39500 0.30000 0.10500 0.33750 0.14350 0.07550 0.09800 2
0.00000 0.00000 1.00000 0.55000 0.41500 0.13500 0.80950 0.29850 0.20150 0.28000 2
0.00000 1.00000 0.00000 0.38500 0.30500 0.12500 0.31400 0.14600 0.05550 0.08000 2
0.00000 0.00000 1.00000 0.47500 0.36500 0.14000 0.45450 0.17100 0.11800 0.15800 2
0.00000 1.00000 0.00000 0.46000 0.33000 0.15000 0.53250 0.20850 0.18050 0.12500 2
1.00000 0.00000 0.00000 0.56000 0.44000 0.16000 1.11150 0.50350 0.27850 0.26000 2
1.00000 0.00000 0.00000 0.57500 0.43500 0.13000 1.01050 0.36800 0.22200 0.32000 2
0.00000 1.00000 0.00000 0.47500 0.37500 0.15000 0.55900 0.19550 0.12150 0.19450 2
0.00000 1.00000 0.00000 0.46000 0.35000 0.11500 0.44000 0.19000 0.10250 0.13000 2
0.00000 0.00000 1.00000 0.35000 0.28000 0.07500 0.19600 0.08200 0.04000 0.06400 2
0.00000 0.00000 1.00000 0.48000 0.35500 0.11500 0.57850 0.25000 0.10600 0.18400 2
0.00000 1.00000 0.00000 0.58000 0.48000 0.18000 1.24950 0.49450 0.27000 0.37100 2
0.00000 0.00000 1.00000 0.46500 0.37000 0.10000 0.50550 0.23400 0.11000 0.14000 2
0.00000 1.00000 0.00000 0.46500 0.35500 0.11500 0.47050 0.19550 0.11800 0.12600 2
0.00000 1.00000 0.00000 0.49000 0.40000 0.11500 0.56900 0.25600 0.13250 0.14500 2
0.00000 0.00000 1.00000 0.50000 0.38500 0.11000 0.59600 0.30150 0.10400 0.15100 2
1.00000 0.00000 0.00000 0.52000 0.39000 0.12000 0.64350 0.28850 0.15700 0.16100 2
0.00000 1.00000 0.00000 0.55500 0.42000 0.11000 0.93100 0.44450 0.17100 0.22500 2
0.00000 1.00000 0.00000 0.61000 0.49500 0.17500 1.26350 0.53000 0.31500 0.34550 2
0.00000 0.00000 1.00000 0.43500 0.33500 0.11000 0.41100 0.20250 0.09450 0.10000 2
0.00000 0.00000 1.00000 0.48500 0.37000 0.11500 0.63700 0.38000 0.13350 0.12800 2
1.00000 0.00000 0.00000 0.55500 0.44000 0.14500 0.85000 0.41650 0.16850 0.23000 2
0.00000 1.00000 0.00000 0.55500 0.43000 0.13500 0.81200 0.40550 0.16300 0.22150 2
1.00000 0.00000 0.00000 0.57500 0.44000 0.14500 0.87000 0.39450 0.21950 0.22500 2
1.00000 0.00000 0.00000 0.62500 0.47000 0.17500 1.17900 0.60500 0.25800 0.27100 2
0.00000 1.00000 0.00000 0.64500 0.52000 0.17500 1.33450 0.66700 0.26650 0.35500 2
1.00000 0.00000 0.00000 0.67000 0.52500 0.18000 1.66150 0.80050 0.36450 0.43000 2
0.00000 1.00000 0.00000 0.69000 0.52500 0.19000 1.49200 0.64250 0.39050 0.42000 2
1.00000 0.00000 0.00000 0.71000 0.57000 0.19500 1.34800 0.89850 0.44350 0.45350 2
0.00000 0.00000 1.00000 0.35000 0.26000 0.09000 0.17650 0.07200 0.03550 0.05750 2
0.00000 0.00000 1.00000 0.43500 0.34000 0.12000 0.39600 0.17750 0.08100 0.12500 2
0.00000 0.00000 1.00000 0.50000 0.36500 0.12500 0.52800 0.22900 0.10300 0.16450 2
0.00000 0.00000 1.00000 0.52500 0.39000 0.10500 0.56700 0.28750 0.10750 0.16000 2
0.00000 0.00000 1.00000 0.53000 0.40500 0.13000 0.66150 0.29450 0.13950 0.19000 2
0.00000 0.00000 1.00000 0.57000 0.42000 0.13000 0.77450 0.35350 0.15050 0.23650 2
0.00000 0.00000 1.00000 0.57500 0.45500 0.15500 0.87250 0.34900 0.20950 0.28500 2
0.00000 0.00000 1.00000 0.58000 0.46000 0.14000 0.92650 0.41350 0.18450 0.27000 2
0.00000 0.00000 1.00000 0.58000 0.46000 0.14000 0.82950 0.39150 0.16500 0.23800 2
0.00000 0.00000 1.00000 0.58000 0.47000 0.15000 0.90700 0.44400 0.18550 0.24450 2
0.00000 1.00000 0.00000 0.58500 0.46000 0.16500 1.05800 0.48600 0.25000 0.29400 2
0.00000 1.00000 0.00000 0.60000 0.47000 0.17000 1.08050 0.49950 0.22450 0.32050 2
1.00000 0.00000 0.00000 0.60000 0.47000 0.15000 0.92800 0.42250 0.18300 0.27500 2
0.00000 1.00000 0.00000 0.60000 0.47500 0.15500 1.05900 0.44100 0.19000 0.39000 2
0.00000 1.00000 0.00000 0.62500 0.50000 0.17500 1.27300 0.56400 0.30200 0.37400 2
1.00000 0.00000 0.00000 0.65000 0.51500 0.18500 1.37450 0.75000 0.18050 0.36900 2
0.00000 1.00000 0.00000 0.65000 0.52000 0.19500 1.62750 0.68900 0.39050 0.43200 2
0.00000 1.00000 0.00000 0.65500 0.53000 0.16500 1.28350 0.58300 0.12550 0.40000 2
1.00000 0.00000 0.00000 0.71500 0.52000 0.18000 1.60000 0.70800 0.35250 0.44500 2
0.00000 0.00000 1.00000 0.42000 0.32500 0.11000 0.32500 0.12450 0.07550 0.10250 2
0.00000 0.00000 1.00000 0.49500 0.37500 0.11500 0.57550 0.31000 0.11450 0.13950 2
1.00000 0.00000 0.00000 0.60000 0.46000 0.18000 1.14000 0.42300 0.25750 0.36500 2
0.00000 1.00000 0.00000 0.61000 0.49000 0.17000 1.34750 0.70450 0.25000 0.30450 2
1.00000 0.00000 0.00000 0.61500 0.47500 0.19000 1.43350 0.73150 0.30500 0.32850 2
1.00000 0.00000 0.00000 0.63000 0.51500 0.17000 1.38500 0.63550 0.29550 0.38000 2
1.00000 0.00000 0.00000 0.65500 0.50500 0.16500 1.27000 0.60350 0.26200 0.33500 2
1.00000 0.00000 0.00000 0.66000 0.53000 0.17500 1.58300 0.73950 0.35050 0.40500 2
1.00000 0.00000 0.00000 0.71500 0.52500 0.20000 1.89000 0.95000 0.43600 0.43050 2
0.00000 0.00000 1.00000 0.46500 0.35500 0.12000 0.49750 0.23750 0.09900 0.14000 2
0.00000 0.00000 1.00000 0.47500 0.35000 0.12500 0.42250 0.19050 0.07900 0.13550 2
0.00000 0.00000 1.00000 0.51500 0.40500 0.13000 0.57300 0.21300 0.13400 0.19500 2
0.00000 0.00000 1.00000 0.52500 0.40500 0.12500 0.65700 0.29850 0.15050 0.16800 2
0.00000 1.00000 0.00000 0.52500 0.42500 0.14000 0.87350 0.42050 0.18200 0.22250 2
0.00000 0.00000 1.00000 0.55000 0.41500 0.15000 0.79150 0.35350 0.17600 0.23600 2
0.00000 0.00000 1.00000 0.55500 0.43000 0.15000 0.78300 0.34500 0.17550 0.24700 2
0.00000 0.00000 1.00000 0.57500 0.44000 0.15000 0.98300 0.48600 0.21500 0.23900 2
0.00000 0.00000 1.00000 0.58500 0.46000 0.14000 0.76350 0.32600 0.15300 0.26500 2
1.00000 0.00000 0.00000 0.60500 0.49000 0.16500 1.12450 0.49200 0.22200 0.35550 2
0.00000 1.00000 0.00000 0.61000 0.49500 0.16500 1.08350 0.45250 0.27300 0.31700 2
1.00000 0.00000 0.00000 0.62000 0.50000 0.18000 1.39150 0.72600 0.27950 0.33200 2
0.00000 0.00000 1.00000 0.63000 0.49000 0.17000 1.21700 0.55150 0.21200 0.31000 2
1.00000 0.00000 0.00000 0.65000 0.51000 0.17500 1.15500 0.49550 0.20250 0.38500 2
1.00000 0.00000 0.00000 0.65000 0.52500 0.19000 1.36850 0.59750 0.29600 0.40000 2
0.00000 1.00000 0.00000 0.66500 0.54000 0.19500 1.76400 0.85050 0.36150 0.47000 2
0.00000 1.00000 0.00000 0.67000 0.54000 0.20000 1.46000 0.64350 0.32800 0.41650 2
0.00000 1.00000 0.00000 0.72500 0.56000 0.18500 1.79200 0.87300 0.36700 0.43500 2
1.00000 0.00000 0.00000 0.78000 0.60000 0.21000 2.54800 1.19450 0.57450 0.67450 2
0.00000 0.00000 1.00000 0.36000 0.25000 0.11500 0.46500 0.21000 0.10550 0.12800 2
0.00000 0.00000 1.00000 0.38000 0.28000 0.09500 0.28850 0.16500 0.04350 0.06700 2
1.00000 0.00000 0.00000 0.50500 0.40000 0.15000 0.77500 0.34450 0.15700 0.18500 2
0.00000 0.00000 1.00000 0.51000 0.37500 0.15000 0.84150 0.38450 0.15600 0.25500 2
0.00000 1.00000 0.00000 0.55000 0.41500 0.18000 1.16550 0.50200 0.30100 0.31100 2
1.00000 0.00000 0.00000 0.62500 0.48000 0.18000 1.22300 0.56500 0.29750 0.33750 2
0.00000 1.00000 0.00000 0.63500 0.50500 0.17000 1.26350 0.51200 0.32200 0.35500 2
0.00000 1.00000 0.00000 0.65000 0.52500 0.16500 1.23800 0.64700 0.24850 0.30050 2
0.00000 0.00000 1.00000 0.36000 0.26500 0.08500 0.18650 0.06750 0.03700 0.06150 2
0.00000 0.00000 1.00000 0.45000 0.33500 0.11500 0.39350 0.19500 0.07100 0.11000 2
0.00000 0.00000 1.00000 0.47500 0.35500 0.13500 0.47750 0.21450 0.09000 0.14350 2
0.00000 0.00000 1.00000 0.51500 0.39000 0.12000 0.56500 0.23500 0.13500 0.17900 2
0.00000 0.00000 1.00000 0.53000 0.39500 0.11500 0.47500 0.20250 0.10100 0.14800 2
0.00000 0.00000 1.00000 0.53500 0.45000 0.13500 0.72800 0.28450 0.18450 0.26500 2
1.00000 0.00000 0.00000 0.58500 0.47000 0.14500 0.95650 0.40250 0.23650 0.26500 2
1.00000 0.00000 0.00000 0.61500 0.45500 0.13000 0.96850 0.49000 0.18200 0.26550 2
0.00000 0.00000 1.00000 0.62000 0.48000 0.18000 1.13050 0.52850 0.26550 0.30600 2
0.00000 1.00000 0.00000 0.65000 0.50500 0.17500 1.20750 0.51050 0.26200 0.39000 2
1.00000 0.00000 0.00000 0.67500 0.54000 0.17500 1.55450 0.66450 0.27800 0.51200 2
0.00000 0.00000 1.00000 0.35500 0.27000 0.10000 0.22550 0.11000 0.04200 0.06400 2
0.00000 0.00000 1.00000 0.42500 0.31000 0.09500 0.35050 0.16450 0.07100 0.10000 2
1.00000 0.00000 0.00000 0.51500 0.38500 0.13000 0.62300 0.28550 0.12850 0.17500 2
0.00000 0.00000 1.00000 0.52500 0.40000 0.12500 0.56550 0.24350 0.11900 0.17500 2
0.00000 0.00000 1.00000 0.35000 0.26000 0.09500 0.22100 0.09850 0.04300 0.07000 2
1.00000 0.00000 0.00000 0.47500 0.38500 0.12000 0.56200 0.28900 0.09050 0.15300 2
0.00000 1.00000 0.00000 0.60500 0.48000 0.17500 1.16850 0.48150 0.23050 0.35600 2
0.00000 1.00000 0.00000 0.61500 0.45500 0.13500 1.05900 0.47350 0.26300 0.27400 2
0.00000 0.00000 1.00000 0.33500 0.25000 0.09500 0.18500 0.07950 0.04950 0.05500 2
0.00000 1.00000 0.00000 0.61500 0.47500 0.14500 0.95250 0.39150 0.19500 0.32000 2
1.00000 0.00000 0.00000 0.45500 0.35000 0.10500 0.41600 0.16250 0.09700 0.14500 2
0.00000 1.00000 0.00000 0.37500 0.29500 0.11000 0.30050 0.12550 0.05750 0.10350 2
1.00000 0.00000 0.00000 0.56000 0.44000 0.13000 0.82550 0.24250 0.20200 0.28500 2
0.00000 1.00000 0.00000 0.48500 0.40000 0.15500 0.73100 0.23600 0.18300 0.25500 2
1.00000 0.00000 0.00000 0.41000 0.33500 0.11500 0.44050 0.19000 0.08500 0.13500 2
0.00000 0.00000 1.00000 0.33500 0.25500 0.08500 0.17850 0.07100 0.04050 0.05500 2
0.00000 1.00000 0.00000 0.51500 0.40000 0.11500 0.57800 0.19100 0.14450 0.17000 2
0.00000 1.00000 0.00000 0.52500 0.41000 0.15000 0.70800 0.27400 0.15100 0.25000 2
1.00000 0.00000 0.00000 0.45000 0.35500 0.11500 0.47800 0.18000 0.11850 0.15500 2
0.00000 0.00000 1.00000 0.38000 0.30000 0.10000 0.28600 0.13050 0.05600 0.09000 2
1.00000 0.00000 0.00000 0.54000 0.42500 0.12000 0.81700 0.29450 0.15300 0.19500 2
0.00000 0.00000 1.00000 0.29000 0.22500 0.07500 0.15200 0.07100 0.05900 0.04500 2
0.00000 0.00000 1.00000 0.41000 0.33000 0.10500 0.33500 0.15250 0.07400 0.11000 2
0.00000 1.00000 0.00000 0.56000 0.44000 0.15500 0.97050 0.43150 0.26300 0.25500 2
1.00000 0.00000 0.00000 0.62000 0.50000 0.20000 1.22100 0.46050 0.26300 0.43000 2
0.00000 1.00000 0.00000 0.52500 0.43000 0.12500 0.81300 0.33150 0.16600 0.17750 2
0.00000 1.00000 0.00000 0.52000 0.41000 0.16000 0.71200 0.28450 0.15300 0.22500 2
0.00000 0.00000 1.00000 0.52500 0.40000 0.14000 0.69550 0.24050 0.16000 0.25300 2
0.00000 1.00000 0.00000 0.47000 0.35000 0.11500 0.48700 0.19550 0.12700 0.15500 2
0.00000 0.00000 1.00000 0.72500 0.55000 0.22000 2.04950 0.77350 0.44050 0.65500 2
0.00000 1.00000 0.00000 0.55500 0.44000 0.15500 1.01600 0.49350 0.18550 0.26300 2
1.00000 0.00000 0.00000 0.48500 0.39000 0.12000 0.59900 0.25100 0.13450 0.16900 2
1.00000 0.00000 0.00000 0.60000 0.46500 0.15500 1.26200 0.62450 0.24550 0.33000 2
0.00000 1.00000 0.00000 0.67000 0.52000 0.19500 1.80650 0.75800 0.37350 0.50550 2
0.00000 0.00000 1.00000 0.45500 0.35000 0.13500 0.53650 0.28550 0.08550 0.13250 2
0.00000 1.00000 0.00000 0.55500 0.43000 0.14000 0.75450 0.35250 0.18350 0.20150 2
1.00000 0.00000 0.00000 0.58500 0.45500 0.15500 1.13300 0.55150 0.22300 0.30500 2
0.00000 1.00000 0.00000 0.62000 0.46500 0.14000 1.01100 0.47900 0.23850 0.25500 2
1.00000 0.00000 0.00000 0.62500 0.50500 0.17500 1.13100 0.54250 0.22650 0.32300 2
1.00000 0.00000 0.00000 0.62500 0.48000 0.17500 1.06500 0.48650 0.25900 0.28500 2
1.00000 0.00000 0.00000 0.63500 0.48000 0.14500 1.18100 0.66500 0.22900 0.22500 2
1.00000 0.00000 0.00000 0.66000 0.51500 0.15500 1.44150 0.70550 0.35550 0.33500 2
0.00000 0.00000 1.00000 0.48500 0.36500 0.09000 0.65100 0.31650 0.13200 0.18000 2
0.00000 0.00000 1.00000 0.52000 0.41000 0.14000 0.59950 0.24200 0.13750 0.18200 2
0.00000 1.00000 0.00000 0.57500 0.45000 0.12000 0.95850 0.44700 0.16900 0.27500 2
0.00000 1.00000 0.00000 0.58000 0.42500 0.15500 0.87300 0.36150 0.24900 0.23900 2
1.00000 0.00000 0.00000 0.59000 0.45000 0.16000 0.99800 0.44500 0.21400 0.30100 2
0.00000 1.00000 0.00000 0.62500 0.48500 0.16500 1.22550 0.50750 0.29600 0.36000 2
0.00000 1.00000 0.00000 0.63500 0.50000 0.18000 1.25650 0.53900 0.29200 0.35000 2
0.00000 1.00000 0.00000 0.69000 0.53500 0.18500 1.82600 0.79700 0.40900 0.49900 2
0.00000 1.00000 0.00000 0.64000 0.49000 0.18000 1.36000 0.65300 0.34700 0.30500 2
0.00000 1.00000 0.00000 0.57500 0.48000 0.17000 1.10000 0.50600 0.24850 0.31000 2
1.00000 0.00000 0.00000 0.62500 0.50000 0.18000 1.37050 0.64500 0.30300 0.37050 2
0.00000 1.00000 0.00000 0.62500 0.49000 0.19000 1.70150 0.74650 0.41050 0.38550 2
0.00000 1.00000 0.00000 0.63500 0.50000 0.17500 1.47700 0.68400 0.30050 0.39000 2
1.00000 0.00000 0.00000 0.67000 0.52500 0.18000 1.49150 0.72800 0.34300 0.38100 2
0.00000 1.00000 0.00000 0.67500 0.52000 0.17500 1.49400 0.73650 0.30550 0.37000 2
1.00000 0.00000 0.00000 0.68000 0.54500 0.18500 1.67200 0.70750 0.36400 0.48000 2
1.00000 0.00000 0.00000 0.70000 0.54500 0.21500 1.91250 0.88250 0.43850 0.50600 2
0.00000 1.00000 0.00000 0.72000 0.59000 0.20500 1.74950 0.77550 0.42250 0.48000 2
0.00000 0.00000 1.00000 0.50000 0.38500 0.12000 0.51600 0.19700 0.13050 0.16500 2
0.00000 0.00000 1.00000 0.54000 0.41500 0.13500 0.70900 0.31950 0.17400 0.18500 2
0.00000 0.00000 1.00000 0.58000 0.42500 0.14500 0.83000 0.37900 0.16050 0.25750 2
1.00000 0.00000 0.00000 0.77000 0.60500 0.17500 2.05050 0.80050 0.52600 0.35500 2
0.00000 0.00000 1.00000 0.33000 0.23000 0.08000 0.14000 0.05650 0.03650 0.04600 2
0.00000 0.00000 1.00000 0.43000 0.31500 0.11500 0.38400 0.18850 0.07150 0.11000 2
0.00000 1.00000 0.00000 0.58500 0.45500 0.17000 0.99450 0.42550 0.26300 0.28450 2
1.00000 0.00000 0.00000 0.38500 0.25500 0.10000 0.31750 0.13700 0.06800 0.09200 2
0.00000 0.00000 1.00000 0.39000 0.29000 0.10000 0.28450 0.12550 0.06350 0.08100 2
1.00000 0.00000 0.00000 0.59000 0.44000 0.13500 0.96600 0.43900 0.21450 0.26050 2
1.00000 0.00000 0.00000 0.60000 0.47500 0.20500 1.17600 0.52550 0.28750 0.30800 2
1.00000 0.00000 0.00000 0.45500 0.36500 0.09500 0.51400 0.22450 0.10100 0.15000 3
0.00000 1.00000 0.00000 0.70500 0.55000 0.20000 1.70950 0.63300 0.41150 0.49000 3
0.00000 1.00000 0.00000 0.59500 0.49500 0.18500 1.28500 0.41600 0.22400 0.48500 3
0.00000 1.00000 0.00000 0.60500 0.45000 0.19500 1.09800 0.48100 0.28950 0.31500 3
0.00000 1.00000 0.00000 0.52000 0.42500 0.16500 0.98850 0.39600 0.22500 0.32000 3
1.00000 0.00000 0.00000 0.59500 0.48000 0.16500 1.26200 0.48350 0.28300 0.41000 3
1.00000 0.00000 0.00000 0.65000 0.52000 0.19000 1.34450 0.51900 0.30600 0.44650 3
1.00000 0.00000 0.00000 0.70500 0.56000 0.22000 1.98100 0.81750 0.30850 0.76000 3
1.00000 0.00000 0.00000 0.69500 0.55000 0.21500 1.95650 0.71250 0.54100 0.59000 3
1.00000 0.00000 0.00000 0.62000 0.49000 0.19000 1.21800 0.54550 0.29650 0.35500 3
1.00000 0.00000 0.00000 0.61500 0.48000 0.18000 1.15950 0.48450 0.21650 0.32500 3
1.00000 0.00000 0.00000 0.58000 0.45000 0.15000 0.92700 0.27600 0.18150 0.36000 3
0.00000 1.00000 0.00000 0.52500 0.41500 0.17000 0.83250 0.27550 0.16850 0.31000 3
1.00000 0.00000 0.00000 0.56500 0.42500 0.16000 0.94250 0.34950 0.21850 0.27500 3
1.00000 0.00000 0.00000 0.56000 0.45000 0.17500 1.01100 0.38350 0.20650 0.37000 3
1.00000 0.00000 0.00000 0.52000 0.45000 0.15000 0.89500 0.36150 0.18600 0.23500 3
1.00000 0.00000 0.00000 0.51500 0.38000 0.17500 0.95650 0.32500 0.15800 0.31000 3
0.00000 1.00000 0.00000 0.49500 0.40000 0.15500 0.64450 0.24200 0.13250 0.20500 3
1.00000 0.00000 0.00000 0.54000 0.43500 0.18000 0.99600 0.38350 0.22600 0.32500 3
1.00000 0.00000 0.00000 0.55000 0.41000 0.12500 0.76050 0.25050 0.16350 0.19500 3
1.00000 0.00000 0.00000 0.59000 0.45000 0.18500 1.28300 0.47300 0.27600 0.42500 3
0.00000 1.00000 0.00000 0.62000 0.51000 0.20500 1.34750 0.47750 0.25650 0.48000 3
0.00000 1.00000 0.00000 0.68500 0.54500 0.18000 1.76800 0.74950 0.39200 0.48500 3
0.00000 1.00000 0.00000 0.66000 0.56500 0.19500 1.76050 0.69200 0.32650 0.50000 3
1.00000 0.00000 0.00000 0.56500 0.46500 0.17500 0.99500 0.38950 0.18300 0.37000 3
1.00000 0.00000 0.00000 0.60500 0.47000 0.18000 1.14050 0.37550 0.28050 0.38500 3
0.00000 1.00000 0.00000 0.60500 0.49500 0.17000 1.23850 0.52800 0.24650 0.39000 3
0.00000 1.00000 0.00000 0.63000 0.50000 0.15500 1.00500 0.36700 0.19900 0.36000 3
1.00000 0.00000 0.00000 0.53000 0.41500 0.17500 0.73950 0.26100 0.13950 0.26450 3
1.00000 0.00000 0.00000 0.66000 0.54500 0.18500 1.32000 0.53050 0.26350 0.45500 3
1.00000 0.00000 0.00000 0.57500 0.40000 0.15500 0.93250 0.36050 0.24450 0.30000 3
0.00000 1.00000 0.00000 0.58500 0.46500 0.14000 0.90800 0.38100 0.16150 0.31500 3
0.00000 1.00000 0.00000 0.62500 0.51500 0.15000 1.24150 0.52350 0.30650 0.36000 3
1.00000 0.00000 0.00000 0.65500 0.53000 0.17500 1.26350 0.48600 0.26350 0.41500 3
0.00000 1.00000 0.00000 0.62500 0.50000 0.15000 0.95300 0.34450 0.22350 0.30500 3
0.00000 1.00000 0.00000 0.62000 0.47000 0.22500 1.11500 0.37800 0.21450 0.36000 3
0.00000 1.00000 0.00000 0.62500 0.48500 0.19000 1.17450 0.43850 0.23050 0.42000 3
1.00000 0.00000 0.00000 0.60000 0.47000 0.17500 1.10500 0.48650 0.24700 0.31500 3
1.00000 0.00000 0.00000 0.42000 0.32500 0.11500 0.28850 0.10000 0.05700 0.11350 3
0.00000 0.00000 1.00000 0.65000 0.51500 0.16000 1.16250 0.49500 0.20300 0.33000 3
0.00000 0.00000 1.00000 0.48000 0.37000 0.12000 0.51400 0.20750 0.13100 0.15500 3
1.00000 0.00000 0.00000 0.45000 0.33500 0.14000 0.46250 0.16400 0.07600 0.15000 3
0.00000 1.00000 0.00000 0.40500 0.31000 0.12000 0.30950 0.13800 0.05800 0.09500 3
0.00000 1.00000 0.00000 0.56000 0.44500 0.19500 0.98100 0.30500 0.22450 0.33500 3
0.00000 1.00000 0.00000 0.48500 0.38000 0.15000 0.60500 0.21550 0.14000 0.18000 3
0.00000 1.00000 0.00000 0.50000 0.38000 0.15500 0.65500 0.24050 0.14300 0.20500 3
0.00000 1.00000 0.00000 0.43000 0.33500 0.12000 0.44400 0.15500 0.11450 0.14000 3
0.00000 1.00000 0.00000 0.49000 0.36000 0.11000 0.50050 0.16100 0.10700 0.19500 3
1.00000 0.00000 0.00000 0.52000 0.40000 0.12000 0.82300 0.29800 0.18050 0.26500 3
1.00000 0.00000 0.00000 0.50500 0.38000 0.13000 0.65600 0.22700 0.17850 0.22000 3
0.00000 1.00000 0.00000 0.51000 0.39000 0.10500 0.61200 0.18700 0.15000 0.19500 3
0.00000 1.00000 0.00000 0.58000 0.45500 0.16500 1.13650 0.36900 0.30050 0.27500 3
1.00000 0.00000 0.00000 0.57000 0.44000 0.15500 1.11600 0.47750 0.23150 0.27000 3
1.00000 0.00000 0.00000 0.57000 0.43000 0.12000 1.06150 0.34800 0.16700 0.31000 3
1.00000 0.00000 0.00000 0.64000 0.51000 0.19000 1.61300 0.62150 0.36100 0.47000 3
1.00000 0.00000 0.00000 0.50500 0.38500 0.14500 0.67750 0.23600 0.17900 0.20000 3
0.00000 1.00000 0.00000 0.47000 0.36000 0.14500 0.53700 0.17250 0.13750 0.19500 3
0.00000 1.00000 0.00000 0.48000 0.40000 0.12500 0.75900 0.21250 0.17900 0.24000 3
1.00000 0.00000 0.00000 0.65500 0.58000 0.20500 2.08050 0.95900 0.34150 0.60100 3
0.00000 0.00000 1.00000 0.51500 0.42000 0.13500 0.71100 0.33700 0.14400 0.20500 3
0.00000 1.00000 0.00000 0.75000 0.61000 0.23500 2.50850 1.23200 0.51900 0.61200 3
1.00000 0.00000 0.00000 0.62000 0.51500 0.17500 1.22100 0.53500 0.24100 0.39500 3
0.00000 0.00000 1.00000 0.63500 0.50000 0.16500 1.48900 0.71500 0.34450 0.36150 3
1.00000 0.00000 0.00000 0.67500 0.52500 0.16000 1.28350 0.57200 0.27550 0.35450 3
0.00000 1.00000 0.00000 0.70500 0.54500 0.18000 1.53950 0.60750 0.36750 0.46450 3
1.00000 0.00000 0.00000 0.62000 0.49500 0.19500 1.51450 0.57900 0.34600 0.51950 3
1.00000 0.00000 0.00000 0.69500 0.54500 0.18500 1.57150 0.66450 0.38350 0.45050 3
1.00000 0.00000 0.00000 0.76000 0.60500 0.21500 2.17300 0.80100 0.49150 0.64600 3
1.00000 0.00000 0.00000 0.62000 0.49000 0.17000 1.21050 0.51850 0.25550 0.33500 3
1.00000 0.00000 0.00000 0.68000 0.53000 0.20500 1.49600 0.58250 0.33700 0.46500 3
1.00000 0.00000 0.00000 0.58000 0.46000 0.16500 1.22750 0.47300 0.19650 0.43500 3
1.00000 0.00000 0.00000 0.55000 0.43000 0.16000 0.92950 0.31700 0.17350 0.35500 3
1.00000 0.00000 0.00000 0.49500 0.38500 0.13500 0.63350 0.20000 0.12250 0.26000 3
1.00000 0.00000 0.00000 0.64500 0.49500 0.18500 1.49350 0.52650 0.27850 0.45500 3
0.00000 0.00000 1.00000 0.43000 0.32500 0.11000 0.36750 0.13550 0.09350 0.12000 3
1.00000 0.00000 0.00000 0.49500 0.39000 0.15000 0.85300 0.32850 0.18900 0.27000 3
1.00000 0.00000 0.00000 0.60000 0.48000 0.17500 1.22900 0.41250 0.27350 0.41500 3
1.00000 0.00000 0.00000 0.65000 0.49500 0.18000 1.79300 0.80050 0.33900 0.53000 3
0.00000 1.00000 0.00000 0.63500 0.51000 0.17500 1.21250 0.57350 0.26100 0.36000 3
0.00000 1.00000 0.00000 0.61000 0.48000 0.17500 1.06750 0.39100 0.21600 0.42000 3
0.00000 1.00000 0.00000 0.67000 0.52000 0.15000 1.40600 0.51900 0.34800 0.37000 3
0.00000 1.00000 0.00000 0.62000 0.48000 0.23000 1.09350 0.40300 0.24500 0.35500 3
0.00000 1.00000 0.00000 0.43500 0.35000 0.11000 0.38400 0.14300 0.10050 0.12500 3
0.00000 1.00000 0.00000 0.52500 0.42500 0.14500 0.79950 0.33450 0.20900 0.24000 3
1.00000 0.00000 0.00000 0.64000 0.52000 0.20000 1.40700 0.56600 0.30400 0.45500 3
1.00000 0.00000 0.00000 0.57500 0.47000 0.15000 1.14150 0.45150 0.20400 0.40000 3
1.00000 0.00000 0.00000 0.58500 0.45500 0.12500 1.02700 0.39100 0.21200 0.25000 3
0.00000 1.00000 0.00000 0.64500 0.52500 0.20000 1.44900 0.60100 0.25650 0.50500 3
0.00000 1.00000 0.00000 0.48500 0.36500 0.14000 0.61950 0.25950 0.14450 0.17700 3
0.00000 1.00000 0.00000 0.45500 0.35000 0.12500 0.44850 0.15850 0.10200 0.13350 3
0.00000 0.00000 1.00000 0.63500 0.50500 0.19000 1.33150 0.58050 0.25200 0.43500 3
1.00000 0.00000 0.00000 0.35000 0.25500 0.08500 0.21450 0.10000 0.04650 0.06000 3
0.00000 0.00000 1.00000 0.63500 0.50000 0.18000 1.31900 0.54850 0.29200 0.49000 3
1.00000 0.00000 0.00000 0.46500 0.35500 0.12500 0.52550 0.20250 0.13500 0.14500 3
1.00000 0.00000 0.00000 0.46000 0.36000 0.13500 0.61050 0.19550 0.10700 0.23500 3
0.00000 1.00000 0.00000 0.70000 0.57500 0.20500 1.79750 0.72950 0.39350 0.51650 3
1.00000 0.00000 0.00000 0.70000 0.54000 0.20500 1.74000 0.78850 0.37300 0.48650 3
0.00000 1.00000 0.00000 0.60500 0.49500 0.17000 1.09150 0.43650 0.27150 0.33500 3
1.00000 0.00000 0.00000 0.72000 0.58000 0.19000 2.08850 0.99550 0.47800 0.53050 3
1.00000 0.00000 0.00000 0.73000 0.58500 0.22500 2.23050 1.23950 0.42200 0.56300 3
1.00000 0.00000 0.00000 0.61500 0.49000 0.17000 1.14500 0.49150 0.20800 0.34300 3
1.00000 0.00000 0.00000 0.71000 0.56000 0.17500 1.72400 0.56600 0.45750 0.46250 3
1.00000 0.00000 0.00000 0.55000 0.42000 0.17000 0.84650 0.33600 0.24050 0.24500 3
1.00000 0.00000 0.00000 0.64000 0.49000 0.14000 1.19400 0.44450 0.23800 0.37500 3
0.00000 1.00000 0.00000 0.64000 0.47500 0.19000 1.15100 0.43650 0.28100 0.38050 3
1.00000 0.00000 0.00000 0.72000 0.57500 0.23000 2.26950 0.88350 0.39850 0.66500 3
0.00000 0.00000 1.00000 0.48000 0.38000 0.12500 0.52300 0.21050 0.10450 0.17500 3
1.00000 0.00000 0.00000 0.63000 0.51000 0.19000 1.49850 0.41250 0.30750 0.54500 3
0.00000 1.00000 0.00000 0.59000 0.48500 0.20500 1.23150 0.45250 0.23800 0.42000 3
0.00000 1.00000 0.00000 0.69000 0.54000 0.18500 1.57150 0.69350 0.31800 0.47000 3
1.00000 0.00000 0.00000 0.55500 0.43500 0.13500 0.85800 0.37700 0.15850 0.29000 3
1.00000 0.00000 0.00000 0.65000 0.52500 0.19000 1.49950 0.62650 0.40050 0.39500 3
1.00000 0.00000 0.00000 0.55000 0.43500 0.16000 0.90600 0.34200 0.21900 0.29500 3
0.00000 1.00000 0.00000 0.61000 0.49500 0.19000 1.21300 0.46400 0.30600 0.36500 3
0.00000 1.00000 0.00000 0.59500 0.48500 0.14500 1.25150 0.50350 0.29250 0.33000 3
0.00000 1.00000 0.00000 0.46500 0.39000 0.14000 0.55550 0.21300 0.10750 0.21500 3
1.00000 0.00000 0.00000 0.64500 0.50000 0.19000 1.22900 0.52400 0.27800 0.39500 3
1.00000 0.00000 0.00000 0.60500 0.48500 0.17500 1.14500 0.43250 0.27000 0.40500 3
0.00000 1.00000 0.00000 0.61500 0.50000 0.20500 1.10550 0.44450 0.22700 0.39000 3
0.00000 0.00000 1.00000 0.54000 0.43500 0.14500 0.97000 0.42850 0.22000 0.26400 3
0.00000 0.00000 1.00000 0.59000 0.46500 0.19500 1.08850 0.36850 0.18700 0.37500 3
1.00000 0.00000 0.00000 0.50000 0.37500 0.13000 0.72100 0.30550 0.17250 0.22000 3
1.00000 0.00000 0.00000 0.51500 0.40000 0.12500 0.95500 0.34100 0.25350 0.26000 3
1.00000 0.00000 0.00000 0.74000 0.53500 0.18500 1.65000 0.73400 0.45050 0.33500 3
0.00000 1.00000 0.00000 0.73500 0.56500 0.22500 2.03700 0.87000 0.51450 0.56750 3
0.00000 1.00000 0.00000 0.62500 0.48500 0.13500 1.30250 0.61000 0.26750 0.36050 3
0.00000 1.00000 0.00000 0.46000 0.36500 0.11500 0.44850 0.16500 0.08300 0.17000 3
1.00000 0.00000 0.00000 0.54500 0.44000 0.16500 0.74400 0.28750 0.20400 0.25000 3
1.00000 0.00000 0.00000 0.54500 0.45000 0.16000 0.86150 0.29250 0.15450 0.36500 3
0.00000 1.00000 0.00000 0.64500 0.50000 0.22500 1.62600 0.58700 0.40550 0.41000 3
1.00000 0.00000 0.00000 0.45500 0.35500 0.13500 0.47450 0.18650 0.09350 0.16800 3
0.00000 1.00000 0.00000 0.47500 0.40000 0.11500 0.54100 0.18600 0.10250 0.21000 3
0.00000 1.00000 0.00000 0.46500 0.39000 0.11000 0.63550 0.18150 0.15700 0.22500 3
1.00000 0.00000 0.00000 0.65500 0.52500 0.18000 1.40200 0.62400 0.29350 0.36500 3
0.00000 1.00000 0.00000 0.53000 0.41500 0.15000 0.77750 0.23700 0.14150 0.33000 4
1.00000 0.00000 0.00000 0.64000 0.51000 0.17500 1.36800 0.51500 0.26600 0.57000 4
0.00000 1.00000 0.00000 0.64000 0.52500 0.21500 1.77900 0.45350 0.28550 0.55000 4
0.00000 1.00000 0.00000 0.62000 0.47000 0.20000 1.22550 0.38100 0.27000 0.43500 4
1.00000 0.00000 0.00000 0.63000 0.48500 0.17500 1.30000 0.43350 0.29450 0.46000 4
1.00000 0.00000 0.00000 0.63000 0.51500 0.16000 1.01600 0.42150 0.24400 0.35500 4
1.00000 0.00000 0.00000 0.63000 0.51500 0.16500 1.35200 0.48800 0.34900 0.45000 4
0.00000 1.00000 0.00000 0.61000 0.48500 0.16500 1.09150 0.39350 0.24350 0.33000 4
0.00000 1.00000 0.00000 0.57000 0.45000 0.17500 0.95550 0.38000 0.16650 0.29500 4
1.00000 0.00000 0.00000 0.54500 0.42000 0.14000 0.75050 0.24750 0.13000 0.25500 4
0.00000 0.00000 1.00000 0.53000 0.42000 0.18500 0.75200 0.29900 0.15600 0.20500 4
0.00000 1.00000 0.00000 0.59000 0.45000 0.16000 0.90000 0.35800 0.15600 0.31500 4
0.00000 0.00000 1.00000 0.58000 0.49000 0.19500 1.31650 0.53050 0.25400 0.41000 4
0.00000 1.00000 0.00000 0.74500 0.58500 0.19000 1.96600 0.84350 0.43700 0.58550 4
0.00000 1.00000 0.00000 0.57000 0.45000 0.17000 1.09800 0.41400 0.18700 0.40500 4
1.00000 0.00000 0.00000 0.57000 0.40500 0.16000 0.92450 0.34450 0.21850 0.29500 4
1.00000 0.00000 0.00000 0.65500 0.52500 0.18500 1.25900 0.48700 0.22150 0.44500 4
0.00000 1.00000 0.00000 0.60000 0.47500 0.18000 1.18050 0.43450 0.24750 0.42500 4
0.00000 1.00000 0.00000 0.55000 0.41500 0.13500 0.77500 0.30200 0.17900 0.26000 4
0.00000 1.00000 0.00000 0.80000 0.63000 0.19500 2.52600 0.93300 0.59000 0.62000 4
0.00000 1.00000 0.00000 0.61000 0.48500 0.21000 1.34450 0.53500 0.22050 0.51500 4
0.00000 1.00000 0.00000 0.58500 0.47000 0.17000 1.09900 0.39750 0.23250 0.35800 4
1.00000 0.00000 0.00000 0.54000 0.41000 0.14500 0.98900 0.28150 0.21300 0.35500 4
1.00000 0.00000 0.00000 0.56500 0.43500 0.18500 1.03200 0.35400 0.20450 0.31000 4
1.00000 0.00000 0.00000 0.52000 0.43500 0.19500 0.97300 0.29850 0.21350 0.35500 4
0.00000 1.00000 0.00000 0.70500 0.55500 0.20000 1.46850 0.47150 0.32350 0.52000 4
1.00000 0.00000 0.00000 0.54000 0.40500 0.15500 0.97150 0.32250 0.19400 0.29000 4
1.00000 0.00000 0.00000 0.64500 0.51500 0.18500 1.46050 0.58350 0.31550 0.41000 4
1.00000 0.00000 0.00000 0.52500 0.39500 0.16500 0.78200 0.28500 0.14050 0.28500 4
0.00000 1.00000 0.00000 0.50000 0.40000 0.16500 0.71050 0.27000 0.14550 0.22500 4
1.00000 0.00000 0.00000 0.55000 0.44000 0.16000 0.99100 0.34800 0.16800 0.37500 4
0.00000 1.00000 0.00000 0.70000 0.58500 0.18500 1.80750 0.70550 0.32150 0.47500 5
0.00000 1.00000 0.00000 0.55000 0.46500 0.18000 1.21250 0.32450 0.20500 0.52500 5
