0.90000 -11.60000 1
1.80000 -19.20000 1
12.70000 -18.90000 2
13.80000 -11.90000 2
2.20000 -3.10000 3
4.80000 -9.50000 3
8.80000 -16.10000 4
11.00000 -14.30000 4
4.80000 -7.80000 5
7.90000 -13.90000 5
11.80000 -2.10000 5
7.90000 -2.00000 5
11.10000 -6.10000 5
5.10000 -5.10000 5
10.40000 -29.00000 6
5.20000 -4.50000 6
11.30000 -3.60000 6
11.90000 -2.00000 6
11.10000 -16.80000 6
4.20000 -17.00000 6
9.90000 -3.30000 6
8.90000 -10.00000 6
10.50000 -0.90000 7
10.60000 -7.80000 7
8.10000 -1.60000 8
12.40000 -0.80000 8
5.80000 -2.80000 9
14.50000 -0.50000 9
13.20000 -0.70000 10
12.80000 -1.00000 10
