20.08490 0.00000 18.10000 0.00000 0.70000 4.36800 91.20000 1.43950 24.00000 666.00000 20.20000 285.83000 30.63000 1
16.81180 0.00000 18.10000 0.00000 0.70000 5.27700 98.10000 1.42610 24.00000 666.00000 20.20000 396.90000 30.81000 1
7.67202 0.00000 18.10000 0.00000 0.69300 5.74700 98.90000 1.63340 24.00000 666.00000 20.20000 393.10000 19.92000 1
38.35180 0.00000 18.10000 0.00000 0.69300 5.45300 100.00000 1.48960 24.00000 666.00000 20.20000 396.90000 30.59000 1
9.91655 0.00000 18.10000 0.00000 0.69300 5.85200 77.80000 1.50040 24.00000 666.00000 20.20000 338.16000 29.97000 1
25.04610 0.00000 18.10000 0.00000 0.69300 5.98700 100.00000 1.58880 24.00000 666.00000 20.20000 396.90000 26.77000 1
14.23620 0.00000 18.10000 0.00000 0.69300 6.34300 100.00000 1.57410 24.00000 666.00000 20.20000 396.90000 20.32000 1
10.83420 0.00000 18.10000 0.00000 0.67900 6.78200 90.80000 1.81950 24.00000 666.00000 20.20000 21.57000 25.79000 1
73.53410 0.00000 18.10000 0.00000 0.67900 5.95700 100.00000 1.80260 24.00000 666.00000 20.20000 16.45000 20.62000 1
9.33889 0.00000 18.10000 0.00000 0.67900 6.38000 95.60000 1.96820 24.00000 666.00000 20.20000 60.72000 24.08000 1
15.17720 0.00000 18.10000 0.00000 0.74000 6.15200 100.00000 1.91420 24.00000 666.00000 20.20000 9.32000 26.45000 1
0.18337 0.00000 27.74000 0.00000 0.60900 5.41400 98.30000 1.75540 4.00000 711.00000 20.10000 344.05000 23.97000 1
0.20746 0.00000 27.74000 0.00000 0.60900 5.09300 98.00000 1.82260 4.00000 711.00000 20.10000 318.43000 29.68000 1
1.15172 0.00000 8.14000 0.00000 0.53800 5.70100 95.00000 3.78720 4.00000 307.00000 21.00000 358.77000 18.35000 2
1.61282 0.00000 8.14000 0.00000 0.53800 6.09600 96.90000 3.75980 4.00000 307.00000 21.00000 248.31000 20.34000 2
0.24980 0.00000 21.89000 0.00000 0.62400 5.85700 98.20000 1.66860 4.00000 437.00000 21.20000 392.04000 21.32000 2
0.29090 0.00000 21.89000 0.00000 0.62400 6.17400 93.60000 1.61190 4.00000 437.00000 21.20000 388.08000 24.16000 2
3.32105 0.00000 19.58000 1.00000 0.87100 5.40300 100.00000 1.32160 5.00000 403.00000 14.70000 396.90000 26.82000 2
2.44668 0.00000 19.58000 0.00000 0.87100 5.27200 94.00000 1.73640 5.00000 403.00000 14.70000 88.63000 16.14000 2
18.49820 0.00000 18.10000 0.00000 0.66800 4.13800 100.00000 1.13700 24.00000 666.00000 20.20000 396.90000 37.97000 2
15.28800 0.00000 18.10000 0.00000 0.67100 6.64900 93.30000 1.34490 24.00000 666.00000 20.20000 363.02000 23.24000 2
9.82349 0.00000 18.10000 0.00000 0.67100 6.79400 98.80000 1.35800 24.00000 666.00000 20.20000 396.90000 21.24000 2
23.64820 0.00000 18.10000 0.00000 0.67100 6.38000 96.20000 1.38610 24.00000 666.00000 20.20000 396.90000 23.69000 2
9.18702 0.00000 18.10000 0.00000 0.70000 5.53600 100.00000 1.58040 24.00000 666.00000 20.20000 396.90000 23.60000 2
7.99248 0.00000 18.10000 0.00000 0.70000 5.52000 100.00000 1.53310 24.00000 666.00000 20.20000 396.90000 24.56000 2
24.39380 0.00000 18.10000 0.00000 0.70000 4.65200 100.00000 1.46720 24.00000 666.00000 20.20000 396.90000 28.28000 2
14.33370 0.00000 18.10000 0.00000 0.70000 4.88000 100.00000 1.58950 24.00000 666.00000 20.20000 372.92000 30.62000 2
11.57790 0.00000 18.10000 0.00000 0.70000 5.03600 97.00000 1.77000 24.00000 666.00000 20.20000 396.90000 25.68000 2
8.64476 0.00000 18.10000 0.00000 0.69300 6.19300 92.60000 1.79120 24.00000 666.00000 20.20000 396.90000 15.17000 2
13.35980 0.00000 18.10000 0.00000 0.69300 5.88700 94.70000 1.78210 24.00000 666.00000 20.20000 396.90000 16.35000 2
5.87205 0.00000 18.10000 0.00000 0.69300 6.40500 96.00000 1.67680 24.00000 666.00000 20.20000 396.90000 19.37000 2
9.59571 0.00000 18.10000 0.00000 0.69300 6.40400 100.00000 1.63900 24.00000 666.00000 20.20000 376.11000 20.31000 2
25.94060 0.00000 18.10000 0.00000 0.67900 5.30400 89.10000 1.64750 24.00000 666.00000 20.20000 127.36000 26.64000 2
12.24720 0.00000 18.10000 0.00000 0.58400 5.83700 59.70000 1.99760 24.00000 666.00000 20.20000 24.65000 15.69000 2
7.36711 0.00000 18.10000 0.00000 0.67900 6.19300 78.10000 1.93560 24.00000 666.00000 20.20000 96.73000 21.52000 2
13.91340 0.00000 18.10000 0.00000 0.71300 6.20800 95.00000 2.22220 24.00000 666.00000 20.20000 100.63000 15.17000 2
11.16040 0.00000 18.10000 0.00000 0.74000 6.62900 94.60000 2.12470 24.00000 666.00000 20.20000 109.85000 23.27000 2
22.05110 0.00000 18.10000 0.00000 0.74000 5.81800 92.40000 1.86620 24.00000 666.00000 20.20000 391.45000 22.11000 2
12.80230 0.00000 18.10000 0.00000 0.74000 5.85400 96.60000 1.89560 24.00000 666.00000 20.20000 240.52000 23.79000 2
9.92485 0.00000 18.10000 0.00000 0.74000 6.25100 96.60000 2.19800 24.00000 666.00000 20.20000 388.52000 16.44000 2
6.71772 0.00000 18.10000 0.00000 0.71300 6.74900 92.60000 2.32360 24.00000 666.00000 20.20000 0.32000 17.44000 2
4.66883 0.00000 18.10000 0.00000 0.71300 5.97600 87.90000 2.58060 24.00000 666.00000 20.20000 10.48000 19.01000 2
8.05579 0.00000 18.10000 0.00000 0.58400 5.42700 95.40000 2.42980 24.00000 666.00000 20.20000 352.58000 18.14000 2
15.02340 0.00000 18.10000 0.00000 0.61400 5.30400 97.30000 2.10070 24.00000 666.00000 20.20000 349.48000 24.91000 2
0.10574 0.00000 27.74000 0.00000 0.60900 5.98300 98.80000 1.86810 4.00000 711.00000 20.10000 390.11000 18.07000 2
0.22489 12.50000 7.87000 0.00000 0.52400 6.37700 94.30000 6.34670 5.00000 311.00000 15.20000 392.52000 20.45000 3
0.63796 0.00000 8.14000 0.00000 0.53800 6.09600 84.50000 4.46190 4.00000 307.00000 21.00000 380.02000 10.26000 3
1.23247 0.00000 8.14000 0.00000 0.53800 6.14200 91.70000 3.97690 4.00000 307.00000 21.00000 396.90000 18.72000 3
0.98843 0.00000 8.14000 0.00000 0.53800 5.81300 100.00000 4.09520 4.00000 307.00000 21.00000 394.54000 19.88000 3
0.75026 0.00000 8.14000 0.00000 0.53800 5.92400 94.10000 4.39960 4.00000 307.00000 21.00000 394.33000 16.30000 3
0.67191 0.00000 8.14000 0.00000 0.53800 5.81300 90.30000 4.68200 4.00000 307.00000 21.00000 376.88000 14.81000 3
0.95577 0.00000 8.14000 0.00000 0.53800 6.04700 88.80000 4.45340 4.00000 307.00000 21.00000 306.38000 17.28000 3
1.35472 0.00000 8.14000 0.00000 0.53800 6.07200 100.00000 4.17500 4.00000 307.00000 21.00000 376.73000 13.04000 3
0.22927 0.00000 6.91000 0.00000 0.44800 6.03000 85.50000 5.68940 3.00000 233.00000 17.90000 392.74000 18.80000 3
0.13554 12.50000 6.07000 0.00000 0.40900 5.59400 36.80000 6.49800 4.00000 345.00000 18.90000 396.90000 13.09000 3
0.14231 0.00000 10.01000 0.00000 0.54700 6.25400 84.20000 2.25650 6.00000 432.00000 17.80000 388.74000 10.45000 3
0.38735 0.00000 25.65000 0.00000 0.58100 5.61300 95.60000 1.75720 2.00000 188.00000 19.10000 359.29000 27.26000 3
0.25915 0.00000 21.89000 0.00000 0.62400 5.69300 96.00000 1.78830 4.00000 437.00000 21.20000 392.11000 17.19000 3
0.32543 0.00000 21.89000 0.00000 0.62400 6.43100 98.80000 1.81250 4.00000 437.00000 21.20000 396.90000 15.39000 3
0.32982 0.00000 21.89000 0.00000 0.62400 5.82200 95.40000 2.46990 4.00000 437.00000 21.20000 388.69000 15.03000 3
0.97617 0.00000 21.89000 0.00000 0.62400 5.75700 98.40000 2.34600 4.00000 437.00000 21.20000 262.76000 17.31000 3
0.55778 0.00000 21.89000 0.00000 0.62400 6.33500 98.20000 2.11070 4.00000 437.00000 21.20000 394.67000 16.96000 3
0.32264 0.00000 21.89000 0.00000 0.62400 5.94200 93.50000 1.96690 4.00000 437.00000 21.20000 378.25000 16.90000 3
0.35233 0.00000 21.89000 0.00000 0.62400 6.45400 98.40000 1.84980 4.00000 437.00000 21.20000 394.08000 14.59000 3
0.54452 0.00000 21.89000 0.00000 0.62400 6.15100 97.90000 1.66870 4.00000 437.00000 21.20000 396.90000 18.46000 3
2.15505 0.00000 19.58000 0.00000 0.87100 5.62800 100.00000 1.51660 5.00000 403.00000 14.70000 169.27000 16.65000 3
1.12658 0.00000 19.58000 1.00000 0.87100 5.01200 88.00000 1.61020 5.00000 403.00000 14.70000 343.28000 12.12000 3
1.41385 0.00000 19.58000 1.00000 0.87100 6.12900 96.00000 1.74940 5.00000 403.00000 14.70000 321.02000 15.12000 3
0.20608 22.00000 5.86000 0.00000 0.43100 5.59300 76.50000 7.95490 7.00000 330.00000 19.10000 372.49000 12.50000 3
2.63548 0.00000 9.90000 0.00000 0.54400 4.97300 37.80000 2.51940 4.00000 304.00000 18.40000 350.45000 12.64000 3
0.25356 0.00000 9.90000 0.00000 0.54400 5.70500 77.70000 3.94500 4.00000 304.00000 18.40000 396.42000 11.50000 3
0.28392 0.00000 7.38000 0.00000 0.49300 5.70800 74.30000 4.72110 5.00000 287.00000 19.60000 391.13000 11.74000 3
0.05023 35.00000 6.06000 0.00000 0.43790 5.70600 28.40000 6.64070 1.00000 304.00000 16.90000 394.02000 12.43000 3
0.03041 0.00000 5.19000 0.00000 0.51500 5.89500 59.60000 5.61500 5.00000 224.00000 20.20000 394.81000 10.56000 3
0.03113 0.00000 4.39000 0.00000 0.44200 6.01400 48.50000 8.01360 3.00000 352.00000 18.80000 385.64000 10.53000 3
8.98296 0.00000 18.10000 1.00000 0.77000 6.21200 97.40000 2.12220 24.00000 666.00000 20.20000 377.73000 17.60000 3
19.60910 0.00000 18.10000 0.00000 0.67100 7.31300 97.90000 1.31630 24.00000 666.00000 20.20000 396.90000 13.44000 3
6.96215 0.00000 18.10000 0.00000 0.70000 5.71300 97.00000 1.92650 24.00000 666.00000 20.20000 394.43000 17.11000 3
7.40389 0.00000 18.10000 0.00000 0.59700 5.61700 97.90000 1.45470 24.00000 666.00000 20.20000 314.64000 26.40000 3
51.13580 0.00000 18.10000 0.00000 0.59700 5.75700 100.00000 1.41300 24.00000 666.00000 20.20000 2.60000 10.11000 3
18.81100 0.00000 18.10000 0.00000 0.59700 4.62800 100.00000 1.55390 24.00000 666.00000 20.20000 28.79000 34.37000 3
28.65580 0.00000 18.10000 0.00000 0.59700 5.15500 100.00000 1.58940 24.00000 666.00000 20.20000 210.97000 20.08000 3
11.08740 0.00000 18.10000 0.00000 0.71800 6.41100 100.00000 1.85890 24.00000 666.00000 20.20000 318.75000 15.02000 3
8.49213 0.00000 18.10000 0.00000 0.58400 6.34800 86.10000 2.05270 24.00000 666.00000 20.20000 83.45000 17.64000 3
10.06230 0.00000 18.10000 0.00000 0.58400 6.83300 94.30000 2.08820 24.00000 666.00000 20.20000 81.33000 19.69000 3
5.58107 0.00000 18.10000 0.00000 0.71300 6.43600 87.90000 2.31580 24.00000 666.00000 20.20000 100.19000 16.22000 3
9.72418 0.00000 18.10000 0.00000 0.74000 6.40600 97.20000 2.06510 24.00000 666.00000 20.20000 385.96000 19.52000 3
9.96654 0.00000 18.10000 0.00000 0.74000 6.48500 100.00000 1.97840 24.00000 666.00000 20.20000 386.73000 18.85000 3
6.28807 0.00000 18.10000 0.00000 0.74000 6.34100 96.40000 2.07200 24.00000 666.00000 20.20000 318.01000 17.79000 3
9.32909 0.00000 18.10000 0.00000 0.71300 6.18500 98.70000 2.26160 24.00000 666.00000 20.20000 396.90000 18.13000 3
5.09017 0.00000 18.10000 0.00000 0.71300 6.29700 91.80000 2.36820 24.00000 666.00000 20.20000 385.09000 17.27000 3
9.51363 0.00000 18.10000 0.00000 0.71300 6.72800 94.10000 2.49610 24.00000 666.00000 20.20000 6.68000 18.71000 3
3.69311 0.00000 18.10000 0.00000 0.71300 6.37600 88.40000 2.56710 24.00000 666.00000 20.20000 391.43000 14.65000 3
0.15086 0.00000 27.74000 0.00000 0.60900 5.45400 92.70000 1.82090 4.00000 711.00000 20.10000 395.09000 18.06000 3
0.22438 0.00000 9.69000 0.00000 0.58500 6.02700 79.70000 2.49820 6.00000 391.00000 19.20000 396.90000 14.33000 3
0.17004 12.50000 7.87000 0.00000 0.52400 6.00400 85.90000 6.59210 5.00000 311.00000 15.20000 386.71000 17.10000 4
0.62976 0.00000 8.14000 0.00000 0.53800 5.94900 61.80000 4.70750 4.00000 307.00000 21.00000 396.90000 8.26000 4
1.00245 0.00000 8.14000 0.00000 0.53800 6.67400 87.30000 4.23900 4.00000 307.00000 21.00000 380.23000 11.98000 4
0.06417 0.00000 5.96000 0.00000 0.49900 5.93300 68.20000 3.36030 5.00000 279.00000 19.20000 396.90000 9.68000 4
0.08014 0.00000 5.96000 0.00000 0.49900 5.85000 41.50000 3.93420 5.00000 279.00000 19.20000 396.90000 8.77000 4
0.12269 0.00000 6.91000 0.00000 0.44800 6.06900 40.00000 5.72090 3.00000 233.00000 17.90000 389.39000 9.55000 4
0.17142 0.00000 6.91000 0.00000 0.44800 5.68200 33.80000 5.10040 3.00000 233.00000 17.90000 396.90000 10.21000 4
0.18836 0.00000 6.91000 0.00000 0.44800 5.78600 33.30000 5.10040 3.00000 233.00000 17.90000 396.90000 14.15000 4
0.08873 21.00000 5.64000 0.00000 0.43900 5.96300 45.70000 6.81470 4.00000 243.00000 16.80000 395.56000 13.45000 4
0.01360 75.00000 4.00000 0.00000 0.41000 5.88800 47.60000 7.31970 3.00000 469.00000 21.10000 396.90000 14.80000 4
0.11027 25.00000 5.13000 0.00000 0.45300 6.45600 67.80000 7.22550 8.00000 284.00000 19.70000 396.90000 6.73000 4
0.05789 12.50000 6.07000 0.00000 0.40900 5.87800 21.40000 6.49800 4.00000 345.00000 18.90000 396.21000 8.10000 4
0.12816 12.50000 6.07000 0.00000 0.40900 5.88500 33.00000 6.49800 4.00000 345.00000 18.90000 396.90000 8.79000 4
0.09164 0.00000 10.81000 0.00000 0.41300 6.06500 7.80000 5.28730 4.00000 305.00000 19.20000 390.91000 5.52000 4
0.09512 0.00000 12.83000 0.00000 0.43700 6.28600 45.00000 4.50260 5.00000 398.00000 18.70000 383.23000 8.94000 4
0.03551 25.00000 4.86000 0.00000 0.42600 6.16700 46.70000 5.40070 4.00000 281.00000 19.00000 390.64000 7.51000 4
0.04684 0.00000 3.41000 0.00000 0.48900 6.41700 66.10000 3.09230 2.00000 270.00000 17.80000 392.18000 8.81000 4
0.03932 0.00000 3.41000 0.00000 0.48900 6.40500 73.90000 3.09210 2.00000 270.00000 17.80000 393.55000 8.20000 4
0.04203 28.00000 15.04000 0.00000 0.46400 6.44200 53.60000 3.66590 4.00000 270.00000 18.20000 395.01000 8.16000 4
0.04294 28.00000 15.04000 0.00000 0.46400 6.24900 77.30000 3.61500 4.00000 270.00000 18.20000 396.90000 10.59000 4
0.11504 0.00000 2.89000 0.00000 0.44500 6.16300 69.60000 3.49520 2.00000 276.00000 18.00000 391.83000 11.34000 4
0.22876 0.00000 8.56000 0.00000 0.52000 6.40500 85.40000 2.71470 5.00000 384.00000 20.90000 70.80000 10.63000 4
0.21161 0.00000 8.56000 0.00000 0.52000 6.13700 87.40000 2.71470 5.00000 384.00000 20.90000 394.47000 13.44000 4
0.13960 0.00000 8.56000 0.00000 0.52000 6.16700 90.00000 2.42100 5.00000 384.00000 20.90000 392.69000 12.33000 4
0.17120 0.00000 8.56000 0.00000 0.52000 5.83600 91.90000 2.21100 5.00000 384.00000 20.90000 395.67000 18.66000 4
0.12802 0.00000 8.56000 0.00000 0.52000 6.47400 97.10000 2.43290 5.00000 384.00000 20.90000 395.24000 12.27000 4
0.26363 0.00000 8.56000 0.00000 0.52000 6.22900 91.20000 2.54510 5.00000 384.00000 20.90000 391.23000 15.55000 4
0.10793 0.00000 8.56000 0.00000 0.52000 6.19500 54.40000 2.77780 5.00000 384.00000 20.90000 393.49000 13.00000 4
0.10084 0.00000 10.01000 0.00000 0.54700 6.71500 81.60000 2.67750 6.00000 432.00000 17.80000 395.59000 10.16000 4
0.12329 0.00000 10.01000 0.00000 0.54700 5.91300 92.90000 2.35340 6.00000 432.00000 17.80000 394.95000 16.21000 4
0.22212 0.00000 10.01000 0.00000 0.54700 6.09200 95.40000 2.54800 6.00000 432.00000 17.80000 396.90000 17.09000 4
0.13058 0.00000 10.01000 0.00000 0.54700 5.87200 73.10000 2.47750 6.00000 432.00000 17.80000 338.63000 15.37000 4
0.14476 0.00000 10.01000 0.00000 0.54700 5.73100 65.20000 2.75920 6.00000 432.00000 17.80000 391.50000 13.61000 4
0.06899 0.00000 25.65000 0.00000 0.58100 5.87000 69.70000 2.25770 2.00000 188.00000 19.10000 389.15000 14.37000 4
0.09849 0.00000 25.65000 0.00000 0.58100 5.87900 95.80000 2.00630 2.00000 188.00000 19.10000 379.38000 17.58000 4
0.16902 0.00000 25.65000 0.00000 0.58100 5.98600 88.40000 1.99290 2.00000 188.00000 19.10000 385.02000 14.81000 4
1.19294 0.00000 21.89000 0.00000 0.62400 6.32600 97.70000 2.27100 4.00000 437.00000 21.20000 396.90000 12.26000 4
0.59005 0.00000 21.89000 0.00000 0.62400 6.37200 97.90000 2.32740 4.00000 437.00000 21.20000 385.76000 11.12000 4
1.49632 0.00000 19.58000 0.00000 0.87100 5.40400 100.00000 1.59160 5.00000 403.00000 14.70000 341.60000 13.28000 4
2.24236 0.00000 19.58000 0.00000 0.60500 5.85400 91.80000 2.42200 5.00000 403.00000 14.70000 395.11000 11.64000 4
2.31390 0.00000 19.58000 0.00000 0.60500 5.88000 97.30000 2.38870 5.00000 403.00000 14.70000 348.13000 12.03000 4
0.08447 0.00000 4.05000 0.00000 0.51000 5.85900 68.70000 2.70190 5.00000 296.00000 16.60000 393.23000 9.64000 4
0.13642 0.00000 10.59000 0.00000 0.48900 5.89100 22.30000 3.94540 4.00000 277.00000 18.60000 396.90000 10.87000 4
0.25199 0.00000 10.59000 0.00000 0.48900 5.78300 72.70000 4.35490 4.00000 277.00000 18.60000 389.43000 18.06000 4
0.43571 0.00000 10.59000 1.00000 0.48900 5.34400 100.00000 3.87500 4.00000 277.00000 18.60000 396.90000 23.09000 4
0.17446 0.00000 10.59000 1.00000 0.48900 5.96000 92.10000 3.87710 4.00000 277.00000 18.60000 393.25000 17.27000 4
0.37578 0.00000 10.59000 1.00000 0.48900 5.40400 88.60000 3.66500 4.00000 277.00000 18.60000 395.24000 23.98000 4
0.11069 0.00000 13.89000 1.00000 0.55000 5.95100 93.80000 2.88930 5.00000 276.00000 16.40000 396.90000 17.92000 4
0.11425 0.00000 13.89000 1.00000 0.55000 6.37300 92.40000 3.36330 5.00000 276.00000 16.40000 393.74000 10.50000 4
0.11329 30.00000 4.93000 0.00000 0.42800 6.89700 54.30000 6.33610 6.00000 300.00000 16.60000 391.25000 11.38000 4
0.10612 30.00000 4.93000 0.00000 0.42800 6.09500 65.10000 6.33610 6.00000 300.00000 16.60000 394.62000 12.40000 4
0.10290 30.00000 4.93000 0.00000 0.42800 6.35800 52.90000 7.03550 6.00000 300.00000 16.60000 372.75000 11.22000 4
0.04819 80.00000 3.64000 0.00000 0.39200 6.10800 32.00000 9.22030 1.00000 315.00000 16.40000 392.89000 6.57000 4
0.03548 80.00000 3.64000 0.00000 0.39200 5.87600 19.10000 9.22030 1.00000 315.00000 16.40000 395.18000 9.25000 4
0.76162 20.00000 3.97000 0.00000 0.64700 5.56000 62.80000 1.98650 5.00000 264.00000 13.00000 392.40000 10.45000 4
0.29916 20.00000 6.96000 0.00000 0.46400 5.85600 42.10000 4.42900 3.00000 223.00000 18.60000 388.65000 13.00000 4
0.01096 55.00000 2.25000 0.00000 0.38900 6.45300 31.90000 7.30730 1.00000 300.00000 15.30000 394.72000 8.23000 4
0.01965 80.00000 1.76000 0.00000 0.38500 6.23000 31.50000 9.08920 1.00000 241.00000 18.20000 341.60000 12.93000 4
0.08199 0.00000 13.92000 0.00000 0.43700 6.00900 42.30000 5.50270 4.00000 289.00000 16.00000 396.90000 10.40000 4
0.06466 70.00000 2.24000 0.00000 0.40000 6.34500 20.10000 7.82780 5.00000 358.00000 14.80000 368.24000 4.97000 4
0.03537 34.00000 6.09000 0.00000 0.43300 6.59000 40.40000 5.49170 7.00000 329.00000 16.10000 395.75000 9.50000 4
0.49298 0.00000 9.90000 0.00000 0.54400 6.63500 82.50000 3.31750 4.00000 304.00000 18.40000 396.90000 4.54000 4
0.79041 0.00000 9.90000 0.00000 0.54400 6.12200 52.80000 2.64030 4.00000 304.00000 18.40000 396.90000 5.98000 4
0.26169 0.00000 9.90000 0.00000 0.54400 6.02300 90.40000 2.83400 4.00000 304.00000 18.40000 396.30000 11.72000 4
0.24522 0.00000 9.90000 0.00000 0.54400 5.78200 71.70000 4.03170 4.00000 304.00000 18.40000 396.90000 15.94000 4
0.47547 0.00000 9.90000 0.00000 0.54400 6.11300 58.80000 4.00190 4.00000 304.00000 18.40000 396.23000 12.73000 4
0.35114 0.00000 7.38000 0.00000 0.49300 6.04100 49.90000 4.72110 5.00000 287.00000 19.60000 396.90000 7.70000 4
0.30347 0.00000 7.38000 0.00000 0.49300 6.31200 28.90000 5.41590 5.00000 287.00000 19.60000 396.90000 6.15000 4
0.24103 0.00000 7.38000 0.00000 0.49300 6.08300 43.70000 5.41590 5.00000 287.00000 19.60000 396.90000 12.79000 4
0.04544 0.00000 3.24000 0.00000 0.46000 6.14400 32.20000 5.87360 4.00000 430.00000 16.90000 368.57000 9.09000 4
0.05083 0.00000 5.19000 0.00000 0.51500 6.31600 38.10000 6.45840 5.00000 224.00000 20.20000 389.71000 5.68000 4
0.03961 0.00000 5.19000 0.00000 0.51500 6.03700 34.50000 5.98530 5.00000 224.00000 20.20000 396.90000 8.01000 4
0.05497 0.00000 5.19000 0.00000 0.51500 5.98500 45.40000 4.81220 5.00000 224.00000 20.20000 396.90000 9.74000 4
0.06151 0.00000 5.19000 0.00000 0.51500 5.96800 58.50000 4.81220 5.00000 224.00000 20.20000 396.90000 9.29000 4
0.06211 40.00000 1.25000 0.00000 0.42900 6.49000 44.40000 8.79210 1.00000 335.00000 19.70000 396.90000 5.98000 4
0.07244 60.00000 1.69000 0.00000 0.41100 5.88400 18.50000 10.71030 4.00000 411.00000 18.30000 392.33000 7.79000 4
0.10659 80.00000 1.91000 0.00000 0.41300 5.93600 19.50000 10.58570 4.00000 334.00000 22.00000 376.04000 5.57000 4
3.83684 0.00000 18.10000 0.00000 0.77000 6.25100 91.10000 2.29550 24.00000 666.00000 20.20000 350.65000 14.19000 4
3.69695 0.00000 18.10000 0.00000 0.71800 4.96300 91.40000 1.75230 24.00000 666.00000 20.20000 316.03000 14.00000 4
6.80117 0.00000 18.10000 0.00000 0.71300 6.08100 84.40000 2.71750 24.00000 666.00000 20.20000 396.90000 14.70000 4
7.83932 0.00000 18.10000 0.00000 0.65500 6.20900 65.40000 2.96340 24.00000 666.00000 20.20000 396.90000 13.22000 4
3.16360 0.00000 18.10000 0.00000 0.65500 5.75900 48.20000 3.06650 24.00000 666.00000 20.20000 334.40000 14.13000 4
3.77498 0.00000 18.10000 0.00000 0.65500 5.95200 84.70000 2.87150 24.00000 666.00000 20.20000 22.01000 17.15000 4
4.34879 0.00000 18.10000 0.00000 0.58000 6.16700 84.00000 3.03340 24.00000 666.00000 20.20000 396.90000 16.29000 4
5.82401 0.00000 18.10000 0.00000 0.53200 6.24200 64.70000 3.42420 24.00000 666.00000 20.20000 396.90000 10.74000 4
2.81838 0.00000 18.10000 0.00000 0.53200 5.76200 40.30000 4.09830 24.00000 666.00000 20.20000 392.92000 10.42000 4
5.69175 0.00000 18.10000 0.00000 0.58300 6.11400 79.80000 3.54590 24.00000 666.00000 20.20000 392.68000 14.98000 4
4.83567 0.00000 18.10000 0.00000 0.58300 5.90500 53.20000 3.15230 24.00000 666.00000 20.20000 388.22000 11.45000 4
0.11132 0.00000 27.74000 0.00000 0.60900 5.98300 83.50000 2.10990 4.00000 711.00000 20.10000 396.90000 13.35000 4
0.17331 0.00000 9.69000 0.00000 0.58500 5.70700 54.00000 2.38170 6.00000 391.00000 19.20000 396.90000 12.01000 4
0.28960 0.00000 9.69000 0.00000 0.58500 5.39000 72.90000 2.79860 6.00000 391.00000 19.20000 396.90000 21.14000 4
0.14455 12.50000 7.87000 0.00000 0.52400 6.17200 96.10000 5.95050 5.00000 311.00000 15.20000 396.90000 19.15000 5
1.05393 0.00000 8.14000 0.00000 0.53800 5.93500 29.30000 4.49860 4.00000 307.00000 21.00000 386.85000 6.58000 5
0.17505 0.00000 5.96000 0.00000 0.49900 5.96600 30.20000 3.84730 5.00000 279.00000 19.20000 393.43000 10.13000 5
0.14150 0.00000 6.91000 0.00000 0.44800 6.16900 6.60000 5.72090 3.00000 233.00000 17.90000 383.37000 5.81000 5
0.15936 0.00000 6.91000 0.00000 0.44800 6.21100 6.50000 5.72090 3.00000 233.00000 17.90000 394.46000 7.44000 5
0.04981 21.00000 5.64000 0.00000 0.43900 5.99800 21.40000 6.81470 4.00000 243.00000 16.80000 396.90000 8.43000 5
0.15445 25.00000 5.13000 0.00000 0.45300 6.14500 29.20000 7.81480 8.00000 284.00000 19.70000 390.68000 6.86000 5
0.08826 0.00000 10.81000 0.00000 0.41300 6.41700 6.60000 5.28730 4.00000 305.00000 19.20000 383.73000 6.72000 5
0.19539 0.00000 10.81000 0.00000 0.41300 6.24500 6.20000 5.28730 4.00000 305.00000 19.20000 377.17000 7.54000 5
0.07896 0.00000 12.83000 0.00000 0.43700 6.27300 6.00000 4.25150 5.00000 398.00000 18.70000 394.92000 6.78000 5
0.04462 25.00000 4.86000 0.00000 0.42600 6.61900 70.40000 5.40070 4.00000 281.00000 19.00000 395.63000 7.22000 5
0.05059 0.00000 4.49000 0.00000 0.44900 6.38900 48.00000 4.77940 3.00000 247.00000 18.50000 396.90000 9.62000 5
0.05735 0.00000 4.49000 0.00000 0.44900 6.63000 56.10000 4.43770 3.00000 247.00000 18.50000 392.30000 6.53000 5
0.02875 28.00000 15.04000 0.00000 0.46400 6.21100 28.90000 3.66590 4.00000 270.00000 18.20000 396.33000 6.21000 5
2.92400 0.00000 19.58000 0.00000 0.60500 6.10100 93.00000 2.28340 5.00000 403.00000 14.70000 240.16000 9.81000 5
0.13914 0.00000 4.05000 0.00000 0.51000 5.57200 88.50000 2.59610 5.00000 296.00000 16.60000 396.90000 14.69000 5
0.09178 0.00000 4.05000 0.00000 0.51000 6.41600 84.10000 2.64630 5.00000 296.00000 16.60000 395.50000 9.04000 5
0.08308 0.00000 2.46000 0.00000 0.48800 5.60400 89.80000 2.98790 3.00000 193.00000 17.80000 391.00000 13.98000 5
0.03445 82.50000 2.03000 0.00000 0.41500 6.16200 38.40000 6.27000 2.00000 348.00000 14.70000 393.77000 7.43000 5
0.22969 0.00000 10.59000 0.00000 0.48900 6.32600 52.50000 4.35490 4.00000 277.00000 18.60000 394.87000 10.97000 5
0.28955 0.00000 10.59000 0.00000 0.48900 5.41200 9.80000 3.58750 4.00000 277.00000 18.60000 348.93000 29.55000 5
0.35809 0.00000 6.20000 1.00000 0.50700 6.95100 88.50000 2.86170 8.00000 307.00000 17.40000 391.70000 9.71000 5
0.53700 0.00000 6.20000 0.00000 0.50400 5.98100 68.10000 3.67150 8.00000 307.00000 17.40000 378.35000 11.65000 5
0.33045 0.00000 6.20000 0.00000 0.50700 6.08600 61.50000 3.65190 8.00000 307.00000 17.40000 376.75000 10.88000 5
0.08244 30.00000 4.93000 0.00000 0.42800 6.48100 18.50000 6.18990 6.00000 300.00000 16.60000 379.41000 6.36000 5
0.09252 30.00000 4.93000 0.00000 0.42800 6.60600 42.20000 6.18990 6.00000 300.00000 16.60000 383.78000 7.37000 5
0.12757 30.00000 4.93000 0.00000 0.42800 6.39300 7.80000 7.03550 6.00000 300.00000 16.60000 374.71000 5.19000 5
0.33983 22.00000 5.86000 0.00000 0.43100 6.10800 34.90000 8.05550 7.00000 330.00000 19.10000 390.18000 9.16000 5
0.16439 22.00000 5.86000 0.00000 0.43100 6.43300 49.10000 7.82650 7.00000 330.00000 19.10000 374.71000 9.52000 5
0.21409 22.00000 5.86000 0.00000 0.43100 6.43800 8.90000 7.39670 7.00000 330.00000 19.10000 377.07000 3.59000 5
0.11460 20.00000 6.96000 0.00000 0.46400 6.53800 58.70000 3.91750 3.00000 223.00000 18.60000 394.96000 7.73000 5
0.04297 52.50000 5.32000 0.00000 0.40500 6.56500 22.90000 7.31720 6.00000 293.00000 16.60000 371.72000 9.51000 5
0.05372 0.00000 13.92000 0.00000 0.43700 6.54900 51.00000 5.96040 4.00000 289.00000 16.00000 392.85000 7.39000 5
0.04417 70.00000 2.24000 0.00000 0.40000 6.87100 47.40000 7.82780 5.00000 358.00000 14.80000 390.86000 6.07000 5
0.09266 34.00000 6.09000 0.00000 0.43300 6.49500 18.40000 5.49170 7.00000 329.00000 16.10000 383.61000 8.67000 5
0.36920 0.00000 9.90000 0.00000 0.54400 6.56700 87.30000 3.60230 4.00000 304.00000 18.40000 395.69000 9.28000 5
0.40202 0.00000 9.90000 0.00000 0.54400 6.38200 67.20000 3.53250 4.00000 304.00000 18.40000 395.21000 10.36000 5
0.16760 0.00000 7.38000 0.00000 0.49300 6.42600 52.30000 4.54040 5.00000 287.00000 19.60000 396.90000 7.20000 5
0.34109 0.00000 7.38000 0.00000 0.49300 6.41500 40.10000 4.72110 5.00000 287.00000 19.60000 396.90000 6.12000 5
0.19186 0.00000 7.38000 0.00000 0.49300 6.43100 14.70000 5.41590 5.00000 287.00000 19.60000 393.68000 5.08000 5
0.01870 85.00000 4.15000 0.00000 0.42900 6.51600 27.70000 8.53530 4.00000 351.00000 17.90000 392.43000 6.36000 5
0.01501 80.00000 2.01000 0.00000 0.43500 6.63500 29.70000 8.34400 4.00000 280.00000 17.00000 390.94000 5.99000 5
0.07950 60.00000 1.69000 0.00000 0.41100 6.57900 35.90000 10.71030 4.00000 411.00000 18.30000 370.78000 5.49000 5
4.55587 0.00000 18.10000 0.00000 0.71800 3.56100 87.90000 1.61320 24.00000 666.00000 20.20000 354.70000 7.12000 5
14.43830 0.00000 18.10000 0.00000 0.59700 6.85200 100.00000 1.46550 24.00000 666.00000 20.20000 179.36000 19.78000 5
3.56868 0.00000 18.10000 0.00000 0.58000 6.43700 75.00000 2.89650 24.00000 666.00000 20.20000 393.37000 14.36000 5
5.70818 0.00000 18.10000 0.00000 0.53200 6.75000 74.90000 3.33170 24.00000 666.00000 20.20000 393.07000 7.74000 5
0.27957 0.00000 9.69000 0.00000 0.58500 5.92600 42.60000 2.38170 6.00000 391.00000 19.20000 396.90000 13.59000 5
0.06076 0.00000 11.93000 0.00000 0.57300 6.97600 91.00000 2.16750 1.00000 273.00000 21.00000 396.90000 5.64000 5
0.02763 75.00000 2.95000 0.00000 0.42800 6.59500 21.80000 5.40110 3.00000 252.00000 18.30000 395.63000 4.32000 6
0.01432 100.00000 1.32000 0.00000 0.41100 6.81600 40.50000 8.32480 5.00000 256.00000 15.10000 392.90000 3.95000 6
0.04113 25.00000 4.86000 0.00000 0.42600 6.72700 33.50000 5.40070 4.00000 281.00000 19.00000 396.90000 5.29000 6
0.05302 0.00000 3.41000 0.00000 0.48900 7.07900 63.10000 3.41450 2.00000 270.00000 17.80000 396.06000 5.70000 6
0.06664 0.00000 4.05000 0.00000 0.51000 6.54600 33.10000 3.13230 5.00000 296.00000 16.60000 390.96000 5.33000 6
0.06642 0.00000 4.05000 0.00000 0.51000 6.86000 74.40000 2.91530 5.00000 296.00000 16.60000 391.27000 6.92000 6
0.06911 45.00000 3.44000 0.00000 0.43700 6.73900 30.80000 6.47980 5.00000 398.00000 15.20000 389.71000 4.69000 6
0.02187 60.00000 2.93000 0.00000 0.40100 6.80000 9.90000 6.21960 1.00000 265.00000 15.60000 393.37000 5.03000 6
0.01439 60.00000 2.93000 0.00000 0.40100 6.60400 18.80000 6.21960 1.00000 265.00000 15.60000 376.70000 4.38000 6
0.04666 80.00000 1.52000 0.00000 0.40400 7.10700 36.60000 7.30900 2.00000 329.00000 12.60000 354.31000 8.61000 6
0.14052 0.00000 10.59000 0.00000 0.48900 6.37500 32.30000 3.94540 4.00000 277.00000 18.60000 385.81000 9.38000 6
0.41238 0.00000 6.20000 0.00000 0.50400 7.16300 79.90000 3.21570 8.00000 307.00000 17.40000 372.08000 6.36000 6
0.44178 0.00000 6.20000 0.00000 0.50400 6.55200 21.40000 3.37510 8.00000 307.00000 17.40000 380.34000 3.76000 6
0.46296 0.00000 6.20000 0.00000 0.50400 7.41200 76.90000 3.67150 8.00000 307.00000 17.40000 376.14000 5.25000 6
0.51183 0.00000 6.20000 0.00000 0.50700 7.35800 71.60000 4.14800 8.00000 307.00000 17.40000 390.07000 4.73000 6
0.08221 22.00000 5.86000 0.00000 0.43100 6.95700 6.80000 8.90670 7.00000 330.00000 19.10000 386.09000 3.53000 6
0.78570 20.00000 3.97000 0.00000 0.64700 7.01400 84.60000 2.13290 5.00000 264.00000 13.00000 384.07000 14.79000 6
0.07978 40.00000 6.41000 0.00000 0.44700 6.48200 32.10000 4.14030 4.00000 254.00000 17.60000 396.90000 7.19000 6
0.03502 80.00000 4.95000 0.00000 0.41100 6.86100 27.90000 5.11670 4.00000 245.00000 19.20000 396.90000 3.33000 6
0.03615 80.00000 4.95000 0.00000 0.41100 6.63000 23.40000 5.11670 4.00000 245.00000 19.20000 396.90000 4.70000 6
0.12932 0.00000 13.92000 0.00000 0.43700 6.67800 31.10000 5.96040 4.00000 289.00000 16.00000 396.90000 6.27000 6
11.95110 0.00000 18.10000 0.00000 0.65900 5.60800 100.00000 1.28520 24.00000 666.00000 20.20000 332.09000 12.13000 6
4.64689 0.00000 18.10000 0.00000 0.61400 6.98000 67.60000 2.53290 24.00000 666.00000 20.20000 374.68000 11.66000 6
0.03237 0.00000 2.18000 0.00000 0.45800 6.99800 45.80000 6.06220 3.00000 222.00000 18.70000 394.63000 2.94000 7
0.06905 0.00000 2.18000 0.00000 0.45800 7.14700 54.20000 6.06220 3.00000 222.00000 18.70000 396.90000 5.33000 7
0.06860 0.00000 2.89000 0.00000 0.44500 7.41600 62.50000 3.49520 2.00000 276.00000 18.00000 396.90000 6.19000 7
0.08370 45.00000 3.44000 0.00000 0.43700 7.18500 38.90000 4.56670 5.00000 398.00000 15.20000 396.90000 5.39000 7
0.04011 80.00000 1.52000 0.00000 0.40400 7.28700 34.10000 7.30900 2.00000 329.00000 12.60000 396.90000 4.08000 7
0.03768 80.00000 1.52000 0.00000 0.40400 7.27400 38.30000 7.30900 2.00000 329.00000 12.60000 392.20000 6.62000 7
0.03150 95.00000 1.47000 0.00000 0.40300 6.97500 15.30000 7.65340 3.00000 402.00000 17.00000 396.90000 4.56000 7
0.01778 95.00000 1.47000 0.00000 0.40300 7.13500 13.90000 7.65340 3.00000 402.00000 17.00000 384.30000 4.45000 7
0.66351 20.00000 3.97000 0.00000 0.64700 7.33300 100.00000 1.89460 5.00000 264.00000 13.00000 383.29000 7.79000 7
0.54011 20.00000 3.97000 0.00000 0.64700 7.20300 81.80000 2.11210 5.00000 264.00000 13.00000 392.80000 9.59000 7
0.22188 20.00000 6.96000 1.00000 0.46400 7.69100 51.80000 4.36650 3.00000 223.00000 18.60000 390.77000 6.58000 7
0.05644 40.00000 6.41000 1.00000 0.44700 6.75800 32.90000 4.07760 4.00000 254.00000 17.60000 396.90000 3.53000 7
0.06127 40.00000 6.41000 1.00000 0.44700 6.82600 27.60000 4.86280 4.00000 254.00000 17.60000 393.45000 4.16000 7
0.03705 20.00000 3.33000 0.00000 0.44290 6.96800 37.20000 5.24470 5.00000 216.00000 14.90000 392.23000 4.59000 7
0.00906 90.00000 2.97000 0.00000 0.40000 7.08800 20.80000 7.30730 1.00000 285.00000 15.30000 394.72000 7.85000 7
0.10000 34.00000 6.09000 0.00000 0.43300 6.98200 17.70000 5.49170 7.00000 329.00000 16.10000 390.43000 4.86000 7
0.07503 33.00000 2.18000 0.00000 0.47200 7.42000 71.90000 3.09920 7.00000 222.00000 18.40000 396.90000 6.47000 7
0.01301 35.00000 1.52000 0.00000 0.44200 7.24100 49.30000 7.03790 1.00000 284.00000 15.50000 394.74000 5.49000 7
0.12083 0.00000 2.89000 0.00000 0.44500 8.06900 76.00000 3.49520 2.00000 276.00000 18.00000 396.90000 4.21000 8
0.05780 0.00000 2.46000 0.00000 0.48800 6.98000 58.40000 2.82900 3.00000 193.00000 17.80000 396.90000 5.04000 8
0.06588 0.00000 2.46000 0.00000 0.48800 7.76500 83.30000 2.74100 3.00000 193.00000 17.80000 395.56000 7.56000 8
0.09103 0.00000 2.46000 0.00000 0.48800 7.15500 92.20000 2.70060 3.00000 193.00000 17.80000 394.12000 4.82000 8
0.07886 80.00000 4.95000 0.00000 0.41100 7.14800 27.70000 5.11670 4.00000 245.00000 19.20000 396.90000 3.56000 8
0.08187 0.00000 2.89000 0.00000 0.44500 7.82000 36.90000 3.49520 2.00000 276.00000 18.00000 393.53000 3.57000 9
0.31533 0.00000 6.20000 0.00000 0.50400 8.26600 78.30000 2.89440 8.00000 307.00000 17.40000 385.05000 4.14000 9
0.36894 22.00000 5.86000 0.00000 0.43100 8.25900 8.40000 8.90670 7.00000 330.00000 19.10000 396.90000 3.54000 9
0.01538 90.00000 3.75000 0.00000 0.39400 7.45400 34.20000 6.33610 3.00000 244.00000 15.90000 386.34000 3.11000 9
0.53412 20.00000 3.97000 0.00000 0.64700 7.52000 89.40000 2.13980 5.00000 264.00000 13.00000 388.37000 7.26000 9
0.03578 20.00000 3.33000 0.00000 0.44290 7.82000 64.50000 4.69470 5.00000 216.00000 14.90000 387.31000 3.76000 9
1.46336 0.00000 19.58000 0.00000 0.60500 7.48900 90.80000 1.97090 5.00000 403.00000 14.70000 374.43000 1.73000 10
1.51902 0.00000 19.58000 1.00000 0.60500 8.37500 93.90000 2.16200 5.00000 403.00000 14.70000 388.45000 3.32000 10
0.01381 80.00000 0.46000 0.00000 0.42200 7.87500 32.00000 5.64840 4.00000 255.00000 14.40000 394.23000 2.97000 10
0.52693 0.00000 6.20000 0.00000 0.50400 8.72500 83.00000 2.89440 8.00000 307.00000 17.40000 382.00000 4.63000 10
0.29819 0.00000 6.20000 0.00000 0.50400 7.68600 17.00000 3.37510 8.00000 307.00000 17.40000 377.51000 3.92000 10
0.61154 20.00000 3.97000 0.00000 0.64700 8.70400 86.90000 1.80100 5.00000 264.00000 13.00000 389.70000 5.12000 10
0.57834 20.00000 3.97000 0.00000 0.57500 8.29700 67.00000 2.42160 5.00000 264.00000 13.00000 384.54000 7.44000 10
0.06129 20.00000 3.33000 1.00000 0.44290 7.64500 49.70000 5.21190 5.00000 216.00000 14.90000 377.07000 3.01000 10
0.01501 90.00000 1.21000 1.00000 0.40100 7.92300 24.80000 5.88500 1.00000 198.00000 13.60000 395.52000 3.16000 10
4.89822 0.00000 18.10000 0.00000 0.63100 4.97000 100.00000 1.33250 24.00000 666.00000 20.20000 375.52000 3.26000 10
5.66998 0.00000 18.10000 1.00000 0.63100 6.68300 96.80000 1.35670 24.00000 666.00000 20.20000 375.33000 3.73000 10
6.53876 0.00000 18.10000 1.00000 0.63100 7.01600 97.50000 1.20240 24.00000 666.00000 20.20000 392.05000 2.96000 10
8.26725 0.00000 18.10000 1.00000 0.66800 5.87500 89.60000 1.12960 24.00000 666.00000 20.20000 347.88000 8.88000 10
