1.25179 0.00000 8.14000 0.00000 0.53800 5.57000 98.10000 3.79790 4.00000 307.00000 21.00000 376.57000 21.02000 1
0.84054 0.00000 8.14000 0.00000 0.53800 5.59900 85.70000 4.45460 4.00000 307.00000 21.00000 303.42000 16.51000 1
1.13081 0.00000 8.14000 0.00000 0.53800 5.71300 94.10000 4.23300 4.00000 307.00000 21.00000 360.17000 22.60000 1
1.38799 0.00000 8.14000 0.00000 0.53800 5.95000 82.00000 3.99000 4.00000 307.00000 21.00000 232.60000 27.71000 1
1.61282 0.00000 8.14000 0.00000 0.53800 6.09600 96.90000 3.75980 4.00000 307.00000 21.00000 248.31000 20.34000 1
0.24980 0.00000 21.89000 0.00000 0.62400 5.85700 98.20000 1.66860 4.00000 437.00000 21.20000 392.04000 21.32000 1
0.29090 0.00000 21.89000 0.00000 0.62400 6.17400 93.60000 1.61190 4.00000 437.00000 21.20000 388.08000 24.16000 1
2.37934 0.00000 19.58000 0.00000 0.87100 6.13000 100.00000 1.41910 5.00000 403.00000 14.70000 172.91000 27.80000 1
2.44668 0.00000 19.58000 0.00000 0.87100 5.27200 94.00000 1.73640 5.00000 403.00000 14.70000 88.63000 16.14000 1
11.10810 0.00000 18.10000 0.00000 0.66800 4.90600 100.00000 1.17420 24.00000 666.00000 20.20000 396.90000 34.77000 1
18.49820 0.00000 18.10000 0.00000 0.66800 4.13800 100.00000 1.13700 24.00000 666.00000 20.20000 396.90000 37.97000 1
9.82349 0.00000 18.10000 0.00000 0.67100 6.79400 98.80000 1.35800 24.00000 666.00000 20.20000 396.90000 21.24000 1
23.64820 0.00000 18.10000 0.00000 0.67100 6.38000 96.20000 1.38610 24.00000 666.00000 20.20000 396.90000 23.69000 1
88.97620 0.00000 18.10000 0.00000 0.67100 6.96800 91.90000 1.41650 24.00000 666.00000 20.20000 396.90000 17.21000 1
15.87440 0.00000 18.10000 0.00000 0.67100 6.54500 99.10000 1.51920 24.00000 666.00000 20.20000 396.90000 21.08000 1
16.81180 0.00000 18.10000 0.00000 0.70000 5.27700 98.10000 1.42610 24.00000 666.00000 20.20000 396.90000 30.81000 1
22.59710 0.00000 18.10000 0.00000 0.70000 5.00000 89.50000 1.51840 24.00000 666.00000 20.20000 396.90000 31.99000 1
14.33370 0.00000 18.10000 0.00000 0.70000 4.88000 100.00000 1.58950 24.00000 666.00000 20.20000 372.92000 30.62000 1
11.57790 0.00000 18.10000 0.00000 0.70000 5.03600 97.00000 1.77000 24.00000 666.00000 20.20000 396.90000 25.68000 1
8.64476 0.00000 18.10000 0.00000 0.69300 6.19300 92.60000 1.79120 24.00000 666.00000 20.20000 396.90000 15.17000 1
8.71675 0.00000 18.10000 0.00000 0.69300 6.47100 98.80000 1.72570 24.00000 666.00000 20.20000 391.98000 17.12000 1
38.35180 0.00000 18.10000 0.00000 0.69300 5.45300 100.00000 1.48960 24.00000 666.00000 20.20000 396.90000 30.59000 1
9.91655 0.00000 18.10000 0.00000 0.69300 5.85200 77.80000 1.50040 24.00000 666.00000 20.20000 338.16000 29.97000 1
24.80170 0.00000 18.10000 0.00000 0.69300 5.34900 96.00000 1.70280 24.00000 666.00000 20.20000 396.90000 19.77000 1
41.52920 0.00000 18.10000 0.00000 0.69300 5.53100 85.40000 1.60740 24.00000 666.00000 20.20000 329.46000 27.38000 1
67.92080 0.00000 18.10000 0.00000 0.69300 5.68300 100.00000 1.42540 24.00000 666.00000 20.20000 384.97000 22.98000 1
20.71620 0.00000 18.10000 0.00000 0.65900 4.13800 100.00000 1.17810 24.00000 666.00000 20.20000 370.22000 23.34000 1
45.74610 0.00000 18.10000 0.00000 0.69300 4.51900 100.00000 1.65820 24.00000 666.00000 20.20000 88.27000 36.98000 1
10.83420 0.00000 18.10000 0.00000 0.67900 6.78200 90.80000 1.81950 24.00000 666.00000 20.20000 21.57000 25.79000 1
73.53410 0.00000 18.10000 0.00000 0.67900 5.95700 100.00000 1.80260 24.00000 666.00000 20.20000 16.45000 20.62000 1
11.81230 0.00000 18.10000 0.00000 0.71800 6.82400 76.50000 1.79400 24.00000 666.00000 20.20000 48.45000 22.74000 1
7.05042 0.00000 18.10000 0.00000 0.61400 6.10300 85.10000 2.02180 24.00000 666.00000 20.20000 2.52000 23.29000 1
12.24720 0.00000 18.10000 0.00000 0.58400 5.83700 59.70000 1.99760 24.00000 666.00000 20.20000 24.65000 15.69000 1
7.36711 0.00000 18.10000 0.00000 0.67900 6.19300 78.10000 1.93560 24.00000 666.00000 20.20000 96.73000 21.52000 1
9.33889 0.00000 18.10000 0.00000 0.67900 6.38000 95.60000 1.96820 24.00000 666.00000 20.20000 60.72000 24.08000 1
13.91340 0.00000 18.10000 0.00000 0.71300 6.20800 95.00000 2.22220 24.00000 666.00000 20.20000 100.63000 15.17000 1
11.16040 0.00000 18.10000 0.00000 0.74000 6.62900 94.60000 2.12470 24.00000 666.00000 20.20000 109.85000 23.27000 1
9.39063 0.00000 18.10000 0.00000 0.74000 5.62700 93.90000 1.81720 24.00000 666.00000 20.20000 396.90000 22.88000 1
12.80230 0.00000 18.10000 0.00000 0.74000 5.85400 96.60000 1.89560 24.00000 666.00000 20.20000 240.52000 23.79000 1
10.67180 0.00000 18.10000 0.00000 0.74000 6.45900 94.80000 1.98790 24.00000 666.00000 20.20000 43.06000 23.98000 1
9.92485 0.00000 18.10000 0.00000 0.74000 6.25100 96.60000 2.19800 24.00000 666.00000 20.20000 388.52000 16.44000 1
6.39312 0.00000 18.10000 0.00000 0.58400 6.16200 97.40000 2.20600 24.00000 666.00000 20.20000 302.76000 24.10000 1
0.18337 0.00000 27.74000 0.00000 0.60900 5.41400 98.30000 1.75540 4.00000 711.00000 20.10000 344.05000 23.97000 1
0.10574 0.00000 27.74000 0.00000 0.60900 5.98300 98.80000 1.86810 4.00000 711.00000 20.10000 390.11000 18.07000 1
0.04741 0.00000 11.93000 0.00000 0.57300 6.03000 80.80000 2.50500 1.00000 273.00000 21.00000 396.90000 7.88000 1
0.08829 12.50000 7.87000 0.00000 0.52400 6.01200 66.60000 5.56050 5.00000 311.00000 15.20000 395.60000 12.43000 2
0.21124 12.50000 7.87000 0.00000 0.52400 5.63100 100.00000 6.08210 5.00000 311.00000 15.20000 386.63000 29.93000 2
0.17004 12.50000 7.87000 0.00000 0.52400 6.00400 85.90000 6.59210 5.00000 311.00000 15.20000 386.71000 17.10000 2
0.11747 12.50000 7.87000 0.00000 0.52400 6.00900 82.90000 6.22670 5.00000 311.00000 15.20000 396.90000 13.27000 2
0.62739 0.00000 8.14000 0.00000 0.53800 5.83400 56.50000 4.49860 4.00000 307.00000 21.00000 395.62000 8.47000 2
0.78420 0.00000 8.14000 0.00000 0.53800 5.99000 81.70000 4.25790 4.00000 307.00000 21.00000 386.75000 14.67000 2
0.80271 0.00000 8.14000 0.00000 0.53800 5.45600 36.60000 3.79650 4.00000 307.00000 21.00000 288.99000 11.69000 2
0.72580 0.00000 8.14000 0.00000 0.53800 5.72700 69.50000 3.79650 4.00000 307.00000 21.00000 390.95000 11.28000 2
0.98843 0.00000 8.14000 0.00000 0.53800 5.81300 100.00000 4.09520 4.00000 307.00000 21.00000 394.54000 19.88000 2
0.75026 0.00000 8.14000 0.00000 0.53800 5.92400 94.10000 4.39960 4.00000 307.00000 21.00000 394.33000 16.30000 2
0.77299 0.00000 8.14000 0.00000 0.53800 6.49500 94.40000 4.45470 4.00000 307.00000 21.00000 387.94000 12.80000 2
1.00245 0.00000 8.14000 0.00000 0.53800 6.67400 87.30000 4.23900 4.00000 307.00000 21.00000 380.23000 11.98000 2
1.35472 0.00000 8.14000 0.00000 0.53800 6.07200 100.00000 4.17500 4.00000 307.00000 21.00000 376.73000 13.04000 2
0.06417 0.00000 5.96000 0.00000 0.49900 5.93300 68.20000 3.36030 5.00000 279.00000 19.20000 396.90000 9.68000 2
0.09744 0.00000 5.96000 0.00000 0.49900 5.84100 61.40000 3.37790 5.00000 279.00000 19.20000 377.56000 11.41000 2
0.12269 0.00000 6.91000 0.00000 0.44800 6.06900 40.00000 5.72090 3.00000 233.00000 17.90000 389.39000 9.55000 2
0.17142 0.00000 6.91000 0.00000 0.44800 5.68200 33.80000 5.10040 3.00000 233.00000 17.90000 396.90000 10.21000 2
0.18836 0.00000 6.91000 0.00000 0.44800 5.78600 33.30000 5.10040 3.00000 233.00000 17.90000 396.90000 14.15000 2
0.25387 0.00000 6.91000 0.00000 0.44800 5.39900 95.30000 5.87000 3.00000 233.00000 17.90000 396.90000 30.81000 2
0.21977 0.00000 6.91000 0.00000 0.44800 5.60200 62.00000 6.08770 3.00000 233.00000 17.90000 396.90000 16.20000 2
0.14932 25.00000 5.13000 0.00000 0.45300 5.74100 66.20000 7.22540 8.00000 284.00000 19.70000 395.11000 13.15000 2
0.11027 25.00000 5.13000 0.00000 0.45300 6.45600 67.80000 7.22550 8.00000 284.00000 19.70000 396.90000 6.73000 2
0.05789 12.50000 6.07000 0.00000 0.40900 5.87800 21.40000 6.49800 4.00000 345.00000 18.90000 396.21000 8.10000 2
0.13554 12.50000 6.07000 0.00000 0.40900 5.59400 36.80000 6.49800 4.00000 345.00000 18.90000 396.90000 13.09000 2
0.15876 0.00000 10.81000 0.00000 0.41300 5.96100 17.50000 5.28730 4.00000 305.00000 19.20000 376.94000 9.88000 2
0.10153 0.00000 12.83000 0.00000 0.43700 6.27900 74.50000 4.05220 5.00000 398.00000 18.70000 373.66000 11.97000 2
0.08387 0.00000 12.83000 0.00000 0.43700 5.87400 36.60000 4.50260 5.00000 398.00000 18.70000 396.06000 9.10000 2
0.03551 25.00000 4.86000 0.00000 0.42600 6.16700 46.70000 5.40070 4.00000 281.00000 19.00000 390.64000 7.51000 2
0.07151 0.00000 4.49000 0.00000 0.44900 6.12100 56.80000 3.74760 3.00000 247.00000 18.50000 395.15000 8.44000 2
0.22876 0.00000 8.56000 0.00000 0.52000 6.40500 85.40000 2.71470 5.00000 384.00000 20.90000 70.80000 10.63000 2
0.21161 0.00000 8.56000 0.00000 0.52000 6.13700 87.40000 2.71470 5.00000 384.00000 20.90000 394.47000 13.44000 2
0.13960 0.00000 8.56000 0.00000 0.52000 6.16700 90.00000 2.42100 5.00000 384.00000 20.90000 392.69000 12.33000 2
0.13262 0.00000 8.56000 0.00000 0.52000 5.85100 96.70000 2.10690 5.00000 384.00000 20.90000 394.05000 16.47000 2
0.17120 0.00000 8.56000 0.00000 0.52000 5.83600 91.90000 2.21100 5.00000 384.00000 20.90000 395.67000 18.66000 2
0.13117 0.00000 8.56000 0.00000 0.52000 6.12700 85.20000 2.12240 5.00000 384.00000 20.90000 387.69000 14.09000 2
0.26363 0.00000 8.56000 0.00000 0.52000 6.22900 91.20000 2.54510 5.00000 384.00000 20.90000 391.23000 15.55000 2
0.10084 0.00000 10.01000 0.00000 0.54700 6.71500 81.60000 2.67750 6.00000 432.00000 17.80000 395.59000 10.16000 2
0.12329 0.00000 10.01000 0.00000 0.54700 5.91300 92.90000 2.35340 6.00000 432.00000 17.80000 394.95000 16.21000 2
0.22212 0.00000 10.01000 0.00000 0.54700 6.09200 95.40000 2.54800 6.00000 432.00000 17.80000 396.90000 17.09000 2
0.14231 0.00000 10.01000 0.00000 0.54700 6.25400 84.20000 2.25650 6.00000 432.00000 17.80000 388.74000 10.45000 2
0.17134 0.00000 10.01000 0.00000 0.54700 5.92800 88.20000 2.46310 6.00000 432.00000 17.80000 344.91000 15.76000 2
0.13158 0.00000 10.01000 0.00000 0.54700 6.17600 72.50000 2.73010 6.00000 432.00000 17.80000 393.30000 12.04000 2
0.15098 0.00000 10.01000 0.00000 0.54700 6.02100 82.60000 2.74740 6.00000 432.00000 17.80000 394.51000 10.30000 2
0.13058 0.00000 10.01000 0.00000 0.54700 5.87200 73.10000 2.47750 6.00000 432.00000 17.80000 338.63000 15.37000 2
0.14476 0.00000 10.01000 0.00000 0.54700 5.73100 65.20000 2.75920 6.00000 432.00000 17.80000 391.50000 13.61000 2
0.06899 0.00000 25.65000 0.00000 0.58100 5.87000 69.70000 2.25770 2.00000 188.00000 19.10000 389.15000 14.37000 2
0.09299 0.00000 25.65000 0.00000 0.58100 5.96100 92.90000 2.08690 2.00000 188.00000 19.10000 378.09000 17.93000 2
0.09849 0.00000 25.65000 0.00000 0.58100 5.87900 95.80000 2.00630 2.00000 188.00000 19.10000 379.38000 17.58000 2
0.25915 0.00000 21.89000 0.00000 0.62400 5.69300 96.00000 1.78830 4.00000 437.00000 21.20000 392.11000 17.19000 2
0.32543 0.00000 21.89000 0.00000 0.62400 6.43100 98.80000 1.81250 4.00000 437.00000 21.20000 396.90000 15.39000 2
1.19294 0.00000 21.89000 0.00000 0.62400 6.32600 97.70000 2.27100 4.00000 437.00000 21.20000 396.90000 12.26000 2
0.32982 0.00000 21.89000 0.00000 0.62400 5.82200 95.40000 2.46990 4.00000 437.00000 21.20000 388.69000 15.03000 2
0.97617 0.00000 21.89000 0.00000 0.62400 5.75700 98.40000 2.34600 4.00000 437.00000 21.20000 262.76000 17.31000 2
0.32264 0.00000 21.89000 0.00000 0.62400 5.94200 93.50000 1.96690 4.00000 437.00000 21.20000 378.25000 16.90000 2
0.54452 0.00000 21.89000 0.00000 0.62400 6.15100 97.90000 1.66870 4.00000 437.00000 21.20000 396.90000 18.46000 2
4.09740 0.00000 19.58000 0.00000 0.87100 5.46800 100.00000 1.41180 5.00000 403.00000 14.70000 396.90000 26.42000 2
2.36862 0.00000 19.58000 0.00000 0.87100 4.92600 95.70000 1.46080 5.00000 403.00000 14.70000 391.71000 29.53000 2
2.33099 0.00000 19.58000 0.00000 0.87100 5.18600 93.80000 1.52960 5.00000 403.00000 14.70000 356.99000 28.32000 2
2.73397 0.00000 19.58000 0.00000 0.87100 5.59700 94.90000 1.52570 5.00000 403.00000 14.70000 351.85000 21.45000 2
1.65660 0.00000 19.58000 0.00000 0.87100 6.12200 97.30000 1.61800 5.00000 403.00000 14.70000 372.80000 14.10000 2
1.49632 0.00000 19.58000 0.00000 0.87100 5.40400 100.00000 1.59160 5.00000 403.00000 14.70000 341.60000 13.28000 2
2.14918 0.00000 19.58000 0.00000 0.87100 5.70900 98.50000 1.62320 5.00000 403.00000 14.70000 261.95000 15.79000 2
1.41385 0.00000 19.58000 1.00000 0.87100 6.12900 96.00000 1.74940 5.00000 403.00000 14.70000 321.02000 15.12000 2
3.53501 0.00000 19.58000 1.00000 0.87100 6.15200 82.60000 1.74550 5.00000 403.00000 14.70000 88.01000 15.02000 2
2.24236 0.00000 19.58000 0.00000 0.60500 5.85400 91.80000 2.42200 5.00000 403.00000 14.70000 395.11000 11.64000 2
2.44953 0.00000 19.58000 0.00000 0.60500 6.40200 95.20000 2.26250 5.00000 403.00000 14.70000 330.04000 11.32000 2
1.20742 0.00000 19.58000 0.00000 0.60500 5.87500 94.60000 2.42590 5.00000 403.00000 14.70000 292.29000 14.43000 2
2.31390 0.00000 19.58000 0.00000 0.60500 5.88000 97.30000 2.38870 5.00000 403.00000 14.70000 348.13000 12.03000 2
0.08447 0.00000 4.05000 0.00000 0.51000 5.85900 68.70000 2.70190 5.00000 296.00000 16.60000 393.23000 9.64000 2
0.13642 0.00000 10.59000 0.00000 0.48900 5.89100 22.30000 3.94540 4.00000 277.00000 18.60000 396.90000 10.87000 2
0.43571 0.00000 10.59000 1.00000 0.48900 5.34400 100.00000 3.87500 4.00000 277.00000 18.60000 396.90000 23.09000 2
0.17446 0.00000 10.59000 1.00000 0.48900 5.96000 92.10000 3.87710 4.00000 277.00000 18.60000 393.25000 17.27000 2
0.21719 0.00000 10.59000 1.00000 0.48900 5.80700 53.80000 3.65260 4.00000 277.00000 18.60000 390.94000 16.03000 2
0.11069 0.00000 13.89000 1.00000 0.55000 5.95100 93.80000 2.88930 5.00000 276.00000 16.40000 396.90000 17.92000 2
0.11425 0.00000 13.89000 1.00000 0.55000 6.37300 92.40000 3.36330 5.00000 276.00000 16.40000 393.74000 10.50000 2
0.10290 30.00000 4.93000 0.00000 0.42800 6.35800 52.90000 7.03550 6.00000 300.00000 16.60000 372.75000 11.22000 2
0.04819 80.00000 3.64000 0.00000 0.39200 6.10800 32.00000 9.22030 1.00000 315.00000 16.40000 392.89000 6.57000 2
0.03548 80.00000 3.64000 0.00000 0.39200 5.87600 19.10000 9.22030 1.00000 315.00000 16.40000 395.18000 9.25000 2
0.76162 20.00000 3.97000 0.00000 0.64700 5.56000 62.80000 1.98650 5.00000 264.00000 13.00000 392.40000 10.45000 2
0.09065 20.00000 6.96000 1.00000 0.46400 5.92000 61.50000 3.91750 3.00000 223.00000 18.60000 391.34000 13.65000 2
0.29916 20.00000 6.96000 0.00000 0.46400 5.85600 42.10000 4.42900 3.00000 223.00000 18.60000 388.65000 13.00000 2
0.01096 55.00000 2.25000 0.00000 0.38900 6.45300 31.90000 7.30730 1.00000 300.00000 15.30000 394.72000 8.23000 2
0.01965 80.00000 1.76000 0.00000 0.38500 6.23000 31.50000 9.08920 1.00000 241.00000 18.20000 341.60000 12.93000 2
0.04590 52.50000 5.32000 0.00000 0.40500 6.31500 45.60000 7.31720 6.00000 293.00000 16.60000 396.90000 7.60000 2
0.08199 0.00000 13.92000 0.00000 0.43700 6.00900 42.30000 5.50270 4.00000 289.00000 16.00000 396.90000 10.40000 2
0.14103 0.00000 13.92000 0.00000 0.43700 5.79000 58.00000 6.32000 4.00000 289.00000 16.00000 396.90000 15.84000 2
0.06466 70.00000 2.24000 0.00000 0.40000 6.34500 20.10000 7.82780 5.00000 358.00000 14.80000 368.24000 4.97000 2
0.34940 0.00000 9.90000 0.00000 0.54400 5.97200 76.70000 3.10250 4.00000 304.00000 18.40000 396.24000 9.97000 2
2.63548 0.00000 9.90000 0.00000 0.54400 4.97300 37.80000 2.51940 4.00000 304.00000 18.40000 350.45000 12.64000 2
0.25356 0.00000 9.90000 0.00000 0.54400 5.70500 77.70000 3.94500 4.00000 304.00000 18.40000 396.42000 11.50000 2
0.31827 0.00000 9.90000 0.00000 0.54400 5.91400 83.20000 3.99860 4.00000 304.00000 18.40000 390.70000 18.33000 2
0.47547 0.00000 9.90000 0.00000 0.54400 6.11300 58.80000 4.00190 4.00000 304.00000 18.40000 396.23000 12.73000 2
0.30347 0.00000 7.38000 0.00000 0.49300 6.31200 28.90000 5.41590 5.00000 287.00000 19.60000 396.90000 6.15000 2
0.06617 0.00000 3.24000 0.00000 0.46000 5.86800 25.80000 5.21460 4.00000 430.00000 16.90000 382.44000 9.97000 2
0.05023 35.00000 6.06000 0.00000 0.43790 5.70600 28.40000 6.64070 1.00000 304.00000 16.90000 394.02000 12.43000 2
0.05083 0.00000 5.19000 0.00000 0.51500 6.31600 38.10000 6.45840 5.00000 224.00000 20.20000 389.71000 5.68000 2
0.03738 0.00000 5.19000 0.00000 0.51500 6.31000 38.50000 6.45840 5.00000 224.00000 20.20000 389.40000 6.75000 2
0.03427 0.00000 5.19000 0.00000 0.51500 5.86900 46.30000 5.23110 5.00000 224.00000 20.20000 396.90000 9.80000 2
0.03041 0.00000 5.19000 0.00000 0.51500 5.89500 59.60000 5.61500 5.00000 224.00000 20.20000 394.81000 10.56000 2
0.03306 0.00000 5.19000 0.00000 0.51500 6.05900 37.30000 4.81220 5.00000 224.00000 20.20000 396.14000 8.51000 2
0.05497 0.00000 5.19000 0.00000 0.51500 5.98500 45.40000 4.81220 5.00000 224.00000 20.20000 396.90000 9.74000 2
0.03113 0.00000 4.39000 0.00000 0.44200 6.01400 48.50000 8.01360 3.00000 352.00000 18.80000 385.64000 10.53000 2
0.06162 0.00000 4.39000 0.00000 0.44200 5.89800 52.30000 8.01360 3.00000 352.00000 18.80000 364.61000 12.67000 2
0.06211 40.00000 1.25000 0.00000 0.42900 6.49000 44.40000 8.79210 1.00000 335.00000 19.70000 396.90000 5.98000 2
0.07244 60.00000 1.69000 0.00000 0.41100 5.88400 18.50000 10.71030 4.00000 411.00000 18.30000 392.33000 7.79000 2
0.10659 80.00000 1.91000 0.00000 0.41300 5.93600 19.50000 10.58570 4.00000 334.00000 22.00000 376.04000 5.57000 2
8.98296 0.00000 18.10000 1.00000 0.77000 6.21200 97.40000 2.12220 24.00000 666.00000 20.20000 377.73000 17.60000 2
3.84970 0.00000 18.10000 1.00000 0.77000 6.39500 91.00000 2.50520 24.00000 666.00000 20.20000 391.34000 13.27000 2
4.26131 0.00000 18.10000 0.00000 0.77000 6.11200 81.30000 2.50910 24.00000 666.00000 20.20000 390.74000 12.67000 2
3.83684 0.00000 18.10000 0.00000 0.77000 6.25100 91.10000 2.29550 24.00000 666.00000 20.20000 350.65000 14.19000 2
4.22239 0.00000 18.10000 1.00000 0.77000 5.80300 89.00000 1.90470 24.00000 666.00000 20.20000 353.04000 14.64000 2
3.47428 0.00000 18.10000 1.00000 0.71800 8.78000 82.90000 1.90470 24.00000 666.00000 20.20000 354.55000 5.29000 2
7.40389 0.00000 18.10000 0.00000 0.59700 5.61700 97.90000 1.45470 24.00000 666.00000 20.20000 314.64000 26.40000 2
18.81100 0.00000 18.10000 0.00000 0.59700 4.62800 100.00000 1.55390 24.00000 666.00000 20.20000 28.79000 34.37000 2
28.65580 0.00000 18.10000 0.00000 0.59700 5.15500 100.00000 1.58940 24.00000 666.00000 20.20000 210.97000 20.08000 2
12.04820 0.00000 18.10000 0.00000 0.61400 5.64800 87.60000 1.95120 24.00000 666.00000 20.20000 291.55000 14.10000 2
8.49213 0.00000 18.10000 0.00000 0.58400 6.34800 86.10000 2.05270 24.00000 666.00000 20.20000 83.45000 17.64000 2
5.58107 0.00000 18.10000 0.00000 0.71300 6.43600 87.90000 2.31580 24.00000 666.00000 20.20000 100.19000 16.22000 2
9.96654 0.00000 18.10000 0.00000 0.74000 6.48500 100.00000 1.97840 24.00000 666.00000 20.20000 386.73000 18.85000 2
6.28807 0.00000 18.10000 0.00000 0.74000 6.34100 96.40000 2.07200 24.00000 666.00000 20.20000 318.01000 17.79000 2
9.32909 0.00000 18.10000 0.00000 0.71300 6.18500 98.70000 2.26160 24.00000 666.00000 20.20000 396.90000 18.13000 2
5.44114 0.00000 18.10000 0.00000 0.71300 6.65500 98.20000 2.35520 24.00000 666.00000 20.20000 355.29000 17.73000 2
8.24809 0.00000 18.10000 0.00000 0.71300 7.39300 99.30000 2.45270 24.00000 666.00000 20.20000 375.87000 16.74000 2
9.51363 0.00000 18.10000 0.00000 0.71300 6.72800 94.10000 2.49610 24.00000 666.00000 20.20000 6.68000 18.71000 2
6.80117 0.00000 18.10000 0.00000 0.71300 6.08100 84.40000 2.71750 24.00000 666.00000 20.20000 396.90000 14.70000 2
3.77498 0.00000 18.10000 0.00000 0.65500 5.95200 84.70000 2.87150 24.00000 666.00000 20.20000 22.01000 17.15000 2
4.42228 0.00000 18.10000 0.00000 0.58400 6.00300 94.50000 2.54030 24.00000 666.00000 20.20000 331.29000 21.32000 2
15.57570 0.00000 18.10000 0.00000 0.58000 5.92600 71.00000 2.90840 24.00000 666.00000 20.20000 368.74000 18.13000 2
4.03841 0.00000 18.10000 0.00000 0.53200 6.22900 90.70000 3.09930 24.00000 666.00000 20.20000 395.33000 12.87000 2
10.23300 0.00000 18.10000 0.00000 0.61400 6.18500 96.70000 2.17050 24.00000 666.00000 20.20000 379.70000 18.03000 2
5.82401 0.00000 18.10000 0.00000 0.53200 6.24200 64.70000 3.42420 24.00000 666.00000 20.20000 396.90000 10.74000 2
2.81838 0.00000 18.10000 0.00000 0.53200 5.76200 40.30000 4.09830 24.00000 666.00000 20.20000 392.92000 10.42000 2
5.69175 0.00000 18.10000 0.00000 0.58300 6.11400 79.80000 3.54590 24.00000 666.00000 20.20000 392.68000 14.98000 2
4.83567 0.00000 18.10000 0.00000 0.58300 5.90500 53.20000 3.15230 24.00000 666.00000 20.20000 388.22000 11.45000 2
0.15086 0.00000 27.74000 0.00000 0.60900 5.45400 92.70000 1.82090 4.00000 711.00000 20.10000 395.09000 18.06000 2
0.17331 0.00000 9.69000 0.00000 0.58500 5.70700 54.00000 2.38170 6.00000 391.00000 19.20000 396.90000 12.01000 2
0.28960 0.00000 9.69000 0.00000 0.58500 5.39000 72.90000 2.79860 6.00000 391.00000 19.20000 396.90000 21.14000 2
0.22438 0.00000 9.69000 0.00000 0.58500 6.02700 79.70000 2.49820 6.00000 391.00000 19.20000 396.90000 14.33000 2
0.06263 0.00000 11.93000 0.00000 0.57300 6.59300 69.10000 2.47860 1.00000 273.00000 21.00000 391.99000 9.67000 2
0.04527 0.00000 11.93000 0.00000 0.57300 6.12000 76.70000 2.28750 1.00000 273.00000 21.00000 396.90000 9.08000 2
0.10959 0.00000 11.93000 0.00000 0.57300 6.79400 89.30000 2.38890 1.00000 273.00000 21.00000 393.45000 6.48000 2
0.00632 18.00000 2.31000 0.00000 0.53800 6.57500 65.20000 4.09000 1.00000 296.00000 15.30000 396.90000 4.98000 3
0.02985 0.00000 2.18000 0.00000 0.45800 6.43000 58.70000 6.06220 3.00000 222.00000 18.70000 394.12000 5.21000 3
0.14455 12.50000 7.87000 0.00000 0.52400 6.17200 96.10000 5.95050 5.00000 311.00000 15.20000 396.90000 19.15000 3
1.05393 0.00000 8.14000 0.00000 0.53800 5.93500 29.30000 4.49860 4.00000 307.00000 21.00000 386.85000 6.58000 3
0.02763 75.00000 2.95000 0.00000 0.42800 6.59500 21.80000 5.40110 3.00000 252.00000 18.30000 395.63000 4.32000 3
0.14150 0.00000 6.91000 0.00000 0.44800 6.16900 6.60000 5.72090 3.00000 233.00000 17.90000 383.37000 5.81000 3
0.02055 85.00000 0.74000 0.00000 0.41000 6.38300 35.70000 9.18760 2.00000 313.00000 17.30000 396.90000 5.77000 3
0.01432 100.00000 1.32000 0.00000 0.41100 6.81600 40.50000 8.32480 5.00000 256.00000 15.10000 392.90000 3.95000 3
0.12650 25.00000 5.13000 0.00000 0.45300 6.76200 43.40000 7.98090 8.00000 284.00000 19.70000 395.58000 9.50000 3
0.03584 80.00000 3.37000 0.00000 0.39800 6.29000 17.80000 6.61150 4.00000 337.00000 16.10000 396.90000 4.67000 3
0.19539 0.00000 10.81000 0.00000 0.41300 6.24500 6.20000 5.28730 4.00000 305.00000 19.20000 377.17000 7.54000 3
0.04113 25.00000 4.86000 0.00000 0.42600 6.72700 33.50000 5.40070 4.00000 281.00000 19.00000 396.90000 5.29000 3
0.05059 0.00000 4.49000 0.00000 0.44900 6.38900 48.00000 4.77940 3.00000 247.00000 18.50000 396.90000 9.62000 3
0.05735 0.00000 4.49000 0.00000 0.44900 6.63000 56.10000 4.43770 3.00000 247.00000 18.50000 392.30000 6.53000 3
0.12204 0.00000 2.89000 0.00000 0.44500 6.62500 57.80000 3.49520 2.00000 276.00000 18.00000 357.98000 6.65000 3
1.34284 0.00000 19.58000 0.00000 0.60500 6.06600 100.00000 1.75730 5.00000 403.00000 14.70000 353.89000 6.43000 3
1.42502 0.00000 19.58000 0.00000 0.87100 6.51000 100.00000 1.76590 5.00000 403.00000 14.70000 364.31000 7.39000 3
1.80028 0.00000 19.58000 0.00000 0.60500 5.87700 79.20000 2.42590 5.00000 403.00000 14.70000 227.61000 12.14000 3
0.09178 0.00000 4.05000 0.00000 0.51000 6.41600 84.10000 2.64630 5.00000 296.00000 16.60000 395.50000 9.04000 3
0.07022 0.00000 4.05000 0.00000 0.51000 6.02000 47.20000 3.55490 5.00000 296.00000 16.60000 393.23000 10.11000 3
0.06642 0.00000 4.05000 0.00000 0.51000 6.86000 74.40000 2.91530 5.00000 296.00000 16.60000 391.27000 6.92000 3
0.06047 0.00000 2.46000 0.00000 0.48800 6.15300 68.80000 3.27970 3.00000 193.00000 17.80000 387.11000 13.15000 3
0.07875 45.00000 3.44000 0.00000 0.43700 6.78200 41.10000 3.78860 5.00000 398.00000 15.20000 393.87000 6.68000 3
0.12579 45.00000 3.44000 0.00000 0.43700 6.55600 29.10000 4.56670 5.00000 398.00000 15.20000 382.84000 4.56000 3
0.02187 60.00000 2.93000 0.00000 0.40100 6.80000 9.90000 6.21960 1.00000 265.00000 15.60000 393.37000 5.03000 3
0.01439 60.00000 2.93000 0.00000 0.40100 6.60400 18.80000 6.21960 1.00000 265.00000 15.60000 376.70000 4.38000 3
0.04666 80.00000 1.52000 0.00000 0.40400 7.10700 36.60000 7.30900 2.00000 329.00000 12.60000 354.31000 8.61000 3
0.22969 0.00000 10.59000 0.00000 0.48900 6.32600 52.50000 4.35490 4.00000 277.00000 18.60000 394.87000 10.97000 3
0.28955 0.00000 10.59000 0.00000 0.48900 5.41200 9.80000 3.58750 4.00000 277.00000 18.60000 348.93000 29.55000 3
0.35809 0.00000 6.20000 1.00000 0.50700 6.95100 88.50000 2.86170 8.00000 307.00000 17.40000 391.70000 9.71000 3
0.62356 0.00000 6.20000 1.00000 0.50700 6.87900 77.70000 3.27210 8.00000 307.00000 17.40000 390.39000 9.93000 3
0.44178 0.00000 6.20000 0.00000 0.50400 6.55200 21.40000 3.37510 8.00000 307.00000 17.40000 380.34000 3.76000 3
0.53700 0.00000 6.20000 0.00000 0.50400 5.98100 68.10000 3.67150 8.00000 307.00000 17.40000 378.35000 11.65000 3
0.46296 0.00000 6.20000 0.00000 0.50400 7.41200 76.90000 3.67150 8.00000 307.00000 17.40000 376.14000 5.25000 3
0.44791 0.00000 6.20000 1.00000 0.50700 6.72600 66.50000 3.65190 8.00000 307.00000 17.40000 360.20000 8.05000 3
0.33045 0.00000 6.20000 0.00000 0.50700 6.08600 61.50000 3.65190 8.00000 307.00000 17.40000 376.75000 10.88000 3
0.52058 0.00000 6.20000 1.00000 0.50700 6.63100 76.50000 4.14800 8.00000 307.00000 17.40000 388.45000 9.54000 3
0.51183 0.00000 6.20000 0.00000 0.50700 7.35800 71.60000 4.14800 8.00000 307.00000 17.40000 390.07000 4.73000 3
0.08244 30.00000 4.93000 0.00000 0.42800 6.48100 18.50000 6.18990 6.00000 300.00000 16.60000 379.41000 6.36000 3
0.12757 30.00000 4.93000 0.00000 0.42800 6.39300 7.80000 7.03550 6.00000 300.00000 16.60000 374.71000 5.19000 3
0.33983 22.00000 5.86000 0.00000 0.43100 6.10800 34.90000 8.05550 7.00000 330.00000 19.10000 390.18000 9.16000 3
0.14030 22.00000 5.86000 0.00000 0.43100 6.48700 13.00000 7.39670 7.00000 330.00000 19.10000 396.28000 5.90000 3
0.08221 22.00000 5.86000 0.00000 0.43100 6.95700 6.80000 8.90670 7.00000 330.00000 19.10000 386.09000 3.53000 3
0.82526 20.00000 3.97000 0.00000 0.64700 7.32700 94.50000 2.07880 5.00000 264.00000 13.00000 393.42000 11.25000 3
0.16211 20.00000 6.96000 0.00000 0.46400 6.24000 16.30000 4.42900 3.00000 223.00000 18.60000 396.90000 6.59000 3
0.11460 20.00000 6.96000 0.00000 0.46400 6.53800 58.70000 3.91750 3.00000 223.00000 18.60000 394.96000 7.73000 3
0.09604 40.00000 6.41000 0.00000 0.44700 6.85400 42.80000 4.26730 4.00000 254.00000 17.60000 396.90000 2.98000 3
0.07978 40.00000 6.41000 0.00000 0.44700 6.48200 32.10000 4.14030 4.00000 254.00000 17.60000 396.90000 7.19000 3
0.03871 52.50000 5.32000 0.00000 0.40500 6.20900 31.30000 7.31720 6.00000 293.00000 16.60000 396.90000 7.14000 3
0.04297 52.50000 5.32000 0.00000 0.40500 6.56500 22.90000 7.31720 6.00000 293.00000 16.60000 371.72000 9.51000 3
0.03502 80.00000 4.95000 0.00000 0.41100 6.86100 27.90000 5.11670 4.00000 245.00000 19.20000 396.90000 3.33000 3
0.03615 80.00000 4.95000 0.00000 0.41100 6.63000 23.40000 5.11670 4.00000 245.00000 19.20000 396.90000 4.70000 3
0.08265 0.00000 13.92000 0.00000 0.43700 6.12700 18.40000 5.50270 4.00000 289.00000 16.00000 396.90000 8.58000 3
0.05372 0.00000 13.92000 0.00000 0.43700 6.54900 51.00000 5.96040 4.00000 289.00000 16.00000 392.85000 7.39000 3
0.05561 70.00000 2.24000 0.00000 0.40000 7.04100 10.00000 7.82780 5.00000 358.00000 14.80000 371.58000 4.74000 3
0.09266 34.00000 6.09000 0.00000 0.43300 6.49500 18.40000 5.49170 7.00000 329.00000 16.10000 383.61000 8.67000 3
0.05479 33.00000 2.18000 0.00000 0.47200 6.61600 58.10000 3.37000 7.00000 222.00000 18.40000 393.36000 8.93000 3
0.04932 33.00000 2.18000 0.00000 0.47200 6.84900 70.30000 3.18270 7.00000 222.00000 18.40000 396.90000 7.53000 3
0.36920 0.00000 9.90000 0.00000 0.54400 6.56700 87.30000 3.60230 4.00000 304.00000 18.40000 395.69000 9.28000 3
0.40202 0.00000 9.90000 0.00000 0.54400 6.38200 67.20000 3.53250 4.00000 304.00000 18.40000 395.21000 10.36000 3
0.18159 0.00000 7.38000 0.00000 0.49300 6.37600 54.30000 4.54040 5.00000 287.00000 19.60000 396.90000 6.87000 3
0.19186 0.00000 7.38000 0.00000 0.49300 6.43100 14.70000 5.41590 5.00000 287.00000 19.60000 393.68000 5.08000 3
0.02543 55.00000 3.78000 0.00000 0.48400 6.69600 56.40000 5.73210 5.00000 370.00000 17.60000 396.90000 7.18000 3
0.03049 55.00000 3.78000 0.00000 0.48400 6.87400 28.10000 6.46540 5.00000 370.00000 17.60000 387.97000 4.61000 3
4.55587 0.00000 18.10000 0.00000 0.71800 3.56100 87.90000 1.61320 24.00000 666.00000 20.20000 354.70000 7.12000 3
13.52220 0.00000 18.10000 0.00000 0.63100 3.86300 100.00000 1.51060 24.00000 666.00000 20.20000 131.42000 13.33000 3
5.29305 0.00000 18.10000 0.00000 0.70000 6.05100 82.50000 2.16780 24.00000 666.00000 20.20000 378.38000 18.76000 3
11.95110 0.00000 18.10000 0.00000 0.65900 5.60800 100.00000 1.28520 24.00000 666.00000 20.20000 332.09000 12.13000 3
14.43830 0.00000 18.10000 0.00000 0.59700 6.85200 100.00000 1.46550 24.00000 666.00000 20.20000 179.36000 19.78000 3
3.56868 0.00000 18.10000 0.00000 0.58000 6.43700 75.00000 2.89650 24.00000 666.00000 20.20000 393.37000 14.36000 3
5.73116 0.00000 18.10000 0.00000 0.53200 7.06100 77.00000 3.41060 24.00000 666.00000 20.20000 395.28000 7.01000 3
0.27957 0.00000 9.69000 0.00000 0.58500 5.92600 42.60000 2.38170 6.00000 391.00000 19.20000 396.90000 13.59000 3
0.06076 0.00000 11.93000 0.00000 0.57300 6.97600 91.00000 2.16750 1.00000 273.00000 21.00000 396.90000 5.64000 3
0.02729 0.00000 7.07000 0.00000 0.46900 7.18500 61.10000 4.96710 2.00000 242.00000 17.80000 392.83000 4.03000 4
0.06905 0.00000 2.18000 0.00000 0.45800 7.14700 54.20000 6.06220 3.00000 222.00000 18.70000 396.90000 5.33000 4
0.03359 75.00000 2.95000 0.00000 0.42800 7.02400 15.80000 5.40110 3.00000 252.00000 18.30000 395.62000 1.98000 4
0.01951 17.50000 1.38000 0.00000 0.41610 7.10400 59.50000 9.22290 3.00000 216.00000 18.60000 393.24000 8.05000 4
0.12083 0.00000 2.89000 0.00000 0.44500 8.06900 76.00000 3.49520 2.00000 276.00000 18.00000 396.90000 4.21000 4
0.08370 45.00000 3.44000 0.00000 0.43700 7.18500 38.90000 4.56670 5.00000 398.00000 15.20000 396.90000 5.39000 4
0.08664 45.00000 3.44000 0.00000 0.43700 7.17800 26.30000 6.47980 5.00000 398.00000 15.20000 390.49000 2.87000 4
0.04011 80.00000 1.52000 0.00000 0.40400 7.28700 34.10000 7.30900 2.00000 329.00000 12.60000 396.90000 4.08000 4
0.03768 80.00000 1.52000 0.00000 0.40400 7.27400 38.30000 7.30900 2.00000 329.00000 12.60000 392.20000 6.62000 4
0.03150 95.00000 1.47000 0.00000 0.40300 6.97500 15.30000 7.65340 3.00000 402.00000 17.00000 396.90000 4.56000 4
0.01778 95.00000 1.47000 0.00000 0.40300 7.13500 13.90000 7.65340 3.00000 402.00000 17.00000 384.30000 4.45000 4
0.38214 0.00000 6.20000 0.00000 0.50400 8.04000 86.50000 3.21570 8.00000 307.00000 17.40000 387.38000 3.13000 4
0.54011 20.00000 3.97000 0.00000 0.64700 7.20300 81.80000 2.11210 5.00000 264.00000 13.00000 392.80000 9.59000 4
0.55007 20.00000 3.97000 0.00000 0.64700 7.20600 91.60000 1.93010 5.00000 264.00000 13.00000 387.89000 8.10000 4
0.05644 40.00000 6.41000 1.00000 0.44700 6.75800 32.90000 4.07760 4.00000 254.00000 17.60000 396.90000 3.53000 4
0.10469 40.00000 6.41000 1.00000 0.44700 7.26700 49.00000 4.78720 4.00000 254.00000 17.60000 389.25000 6.05000 4
0.06127 40.00000 6.41000 1.00000 0.44700 6.82600 27.60000 4.86280 4.00000 254.00000 17.60000 393.45000 4.16000 4
0.21038 20.00000 3.33000 0.00000 0.44290 6.81200 32.20000 4.10070 5.00000 216.00000 14.90000 396.90000 4.85000 4
0.00906 90.00000 2.97000 0.00000 0.40000 7.08800 20.80000 7.30730 1.00000 285.00000 15.30000 394.72000 7.85000 4
0.07886 80.00000 4.95000 0.00000 0.41100 7.14800 27.70000 5.11670 4.00000 245.00000 19.20000 396.90000 3.56000 4
0.05515 33.00000 2.18000 0.00000 0.47200 7.23600 41.10000 4.02200 7.00000 222.00000 18.40000 393.68000 6.93000 4
0.07503 33.00000 2.18000 0.00000 0.47200 7.42000 71.90000 3.09920 7.00000 222.00000 18.40000 396.90000 6.47000 4
1.46336 0.00000 19.58000 0.00000 0.60500 7.48900 90.80000 1.97090 5.00000 403.00000 14.70000 374.43000 1.73000 5
1.83377 0.00000 19.58000 1.00000 0.60500 7.80200 98.20000 2.04070 5.00000 403.00000 14.70000 389.61000 1.92000 5
2.01019 0.00000 19.58000 0.00000 0.60500 7.92900 96.20000 2.04590 5.00000 403.00000 14.70000 369.30000 3.70000 5
0.05602 0.00000 2.46000 0.00000 0.48800 7.83100 53.60000 3.19920 3.00000 193.00000 17.80000 392.63000 4.45000 5
0.02177 82.50000 2.03000 0.00000 0.41500 7.61000 15.70000 6.27000 2.00000 348.00000 14.70000 395.38000 3.11000 5
0.03510 95.00000 2.68000 0.00000 0.41610 7.85300 33.20000 5.11800 4.00000 224.00000 14.70000 392.78000 3.81000 5
0.31533 0.00000 6.20000 0.00000 0.50400 8.26600 78.30000 2.89440 8.00000 307.00000 17.40000 385.05000 4.14000 5
0.29819 0.00000 6.20000 0.00000 0.50400 7.68600 17.00000 3.37510 8.00000 307.00000 17.40000 377.51000 3.92000 5
0.57529 0.00000 6.20000 0.00000 0.50700 8.33700 73.30000 3.83840 8.00000 307.00000 17.40000 385.91000 2.47000 5
0.36894 22.00000 5.86000 0.00000 0.43100 8.25900 8.40000 8.90670 7.00000 330.00000 19.10000 396.90000 3.54000 5
0.61154 20.00000 3.97000 0.00000 0.64700 8.70400 86.90000 1.80100 5.00000 264.00000 13.00000 389.70000 5.12000 5
0.52014 20.00000 3.97000 0.00000 0.64700 8.39800 91.50000 2.28850 5.00000 264.00000 13.00000 386.86000 5.91000 5
0.57834 20.00000 3.97000 0.00000 0.57500 8.29700 67.00000 2.42160 5.00000 264.00000 13.00000 384.54000 7.44000 5
0.54050 20.00000 3.97000 0.00000 0.57500 7.47000 52.60000 2.87200 5.00000 264.00000 13.00000 390.30000 3.16000 5
0.03578 20.00000 3.33000 0.00000 0.44290 7.82000 64.50000 4.69470 5.00000 216.00000 14.90000 387.31000 3.76000 5
0.06129 20.00000 3.33000 1.00000 0.44290 7.64500 49.70000 5.21190 5.00000 216.00000 14.90000 377.07000 3.01000 5
0.01501 90.00000 1.21000 1.00000 0.40100 7.92300 24.80000 5.88500 1.00000 198.00000 13.60000 395.52000 3.16000 5
4.89822 0.00000 18.10000 0.00000 0.63100 4.97000 100.00000 1.33250 24.00000 666.00000 20.20000 375.52000 3.26000 5
6.53876 0.00000 18.10000 1.00000 0.63100 7.01600 97.50000 1.20240 24.00000 666.00000 20.20000 392.05000 2.96000 5
