0.84054 0.00000 8.14000 0.00000 0.53800 5.59900 85.70000 4.45460 4.00000 307.00000 21.00000 303.42000 16.51000 1
1.13081 0.00000 8.14000 0.00000 0.53800 5.71300 94.10000 4.23300 4.00000 307.00000 21.00000 360.17000 22.60000 1
1.38799 0.00000 8.14000 0.00000 0.53800 5.95000 82.00000 3.99000 4.00000 307.00000 21.00000 232.60000 27.71000 1
1.15172 0.00000 8.14000 0.00000 0.53800 5.70100 95.00000 3.78720 4.00000 307.00000 21.00000 358.77000 18.35000 1
1.61282 0.00000 8.14000 0.00000 0.53800 6.09600 96.90000 3.75980 4.00000 307.00000 21.00000 248.31000 20.34000 1
0.24980 0.00000 21.89000 0.00000 0.62400 5.85700 98.20000 1.66860 4.00000 437.00000 21.20000 392.04000 21.32000 1
0.29090 0.00000 21.89000 0.00000 0.62400 6.17400 93.60000 1.61190 4.00000 437.00000 21.20000 388.08000 24.16000 1
2.77974 0.00000 19.58000 0.00000 0.87100 4.90300 97.80000 1.34590 5.00000 403.00000 14.70000 396.90000 29.29000 1
2.37934 0.00000 19.58000 0.00000 0.87100 6.13000 100.00000 1.41910 5.00000 403.00000 14.70000 172.91000 27.80000 1
2.44668 0.00000 19.58000 0.00000 0.87100 5.27200 94.00000 1.73640 5.00000 403.00000 14.70000 88.63000 16.14000 1
9.82349 0.00000 18.10000 0.00000 0.67100 6.79400 98.80000 1.35800 24.00000 666.00000 20.20000 396.90000 21.24000 1
17.86670 0.00000 18.10000 0.00000 0.67100 6.22300 100.00000 1.38610 24.00000 666.00000 20.20000 393.74000 21.78000 1
88.97620 0.00000 18.10000 0.00000 0.67100 6.96800 91.90000 1.41650 24.00000 666.00000 20.20000 396.90000 17.21000 1
15.87440 0.00000 18.10000 0.00000 0.67100 6.54500 99.10000 1.51920 24.00000 666.00000 20.20000 396.90000 21.08000 1
9.18702 0.00000 18.10000 0.00000 0.70000 5.53600 100.00000 1.58040 24.00000 666.00000 20.20000 396.90000 23.60000 1
7.99248 0.00000 18.10000 0.00000 0.70000 5.52000 100.00000 1.53310 24.00000 666.00000 20.20000 396.90000 24.56000 1
24.39380 0.00000 18.10000 0.00000 0.70000 4.65200 100.00000 1.46720 24.00000 666.00000 20.20000 396.90000 28.28000 1
22.59710 0.00000 18.10000 0.00000 0.70000 5.00000 89.50000 1.51840 24.00000 666.00000 20.20000 396.90000 31.99000 1
8.64476 0.00000 18.10000 0.00000 0.69300 6.19300 92.60000 1.79120 24.00000 666.00000 20.20000 396.90000 15.17000 1
8.71675 0.00000 18.10000 0.00000 0.69300 6.47100 98.80000 1.72570 24.00000 666.00000 20.20000 391.98000 17.12000 1
14.23620 0.00000 18.10000 0.00000 0.69300 6.34300 100.00000 1.57410 24.00000 666.00000 20.20000 396.90000 20.32000 1
67.92080 0.00000 18.10000 0.00000 0.69300 5.68300 100.00000 1.42540 24.00000 666.00000 20.20000 384.97000 22.98000 1
20.71620 0.00000 18.10000 0.00000 0.65900 4.13800 100.00000 1.17810 24.00000 666.00000 20.20000 370.22000 23.34000 1
45.74610 0.00000 18.10000 0.00000 0.69300 4.51900 100.00000 1.65820 24.00000 666.00000 20.20000 88.27000 36.98000 1
18.08460 0.00000 18.10000 0.00000 0.67900 6.43400 100.00000 1.83470 24.00000 666.00000 20.20000 27.25000 29.05000 1
10.83420 0.00000 18.10000 0.00000 0.67900 6.78200 90.80000 1.81950 24.00000 666.00000 20.20000 21.57000 25.79000 1
25.94060 0.00000 18.10000 0.00000 0.67900 5.30400 89.10000 1.64750 24.00000 666.00000 20.20000 127.36000 26.64000 1
73.53410 0.00000 18.10000 0.00000 0.67900 5.95700 100.00000 1.80260 24.00000 666.00000 20.20000 16.45000 20.62000 1
11.81230 0.00000 18.10000 0.00000 0.71800 6.82400 76.50000 1.79400 24.00000 666.00000 20.20000 48.45000 22.74000 1
8.79212 0.00000 18.10000 0.00000 0.58400 5.56500 70.60000 2.06350 24.00000 666.00000 20.20000 3.65000 17.16000 1
12.24720 0.00000 18.10000 0.00000 0.58400 5.83700 59.70000 1.99760 24.00000 666.00000 20.20000 24.65000 15.69000 1
37.66190 0.00000 18.10000 0.00000 0.67900 6.20200 78.70000 1.86290 24.00000 666.00000 20.20000 18.82000 14.52000 1
7.36711 0.00000 18.10000 0.00000 0.67900 6.19300 78.10000 1.93560 24.00000 666.00000 20.20000 96.73000 21.52000 1
9.33889 0.00000 18.10000 0.00000 0.67900 6.38000 95.60000 1.96820 24.00000 666.00000 20.20000 60.72000 24.08000 1
13.91340 0.00000 18.10000 0.00000 0.71300 6.20800 95.00000 2.22220 24.00000 666.00000 20.20000 100.63000 15.17000 1
11.16040 0.00000 18.10000 0.00000 0.74000 6.62900 94.60000 2.12470 24.00000 666.00000 20.20000 109.85000 23.27000 1
15.17720 0.00000 18.10000 0.00000 0.74000 6.15200 100.00000 1.91420 24.00000 666.00000 20.20000 9.32000 26.45000 1
9.39063 0.00000 18.10000 0.00000 0.74000 5.62700 93.90000 1.81720 24.00000 666.00000 20.20000 396.90000 22.88000 1
22.05110 0.00000 18.10000 0.00000 0.74000 5.81800 92.40000 1.86620 24.00000 666.00000 20.20000 391.45000 22.11000 1
12.80230 0.00000 18.10000 0.00000 0.74000 5.85400 96.60000 1.89560 24.00000 666.00000 20.20000 240.52000 23.79000 1
6.71772 0.00000 18.10000 0.00000 0.71300 6.74900 92.60000 2.32360 24.00000 666.00000 20.20000 0.32000 17.44000 1
8.20058 0.00000 18.10000 0.00000 0.71300 5.93600 80.30000 2.77920 24.00000 666.00000 20.20000 3.50000 16.94000 1
6.39312 0.00000 18.10000 0.00000 0.58400 6.16200 97.40000 2.20600 24.00000 666.00000 20.20000 302.76000 24.10000 1
15.02340 0.00000 18.10000 0.00000 0.61400 5.30400 97.30000 2.10070 24.00000 666.00000 20.20000 349.48000 24.91000 1
0.18337 0.00000 27.74000 0.00000 0.60900 5.41400 98.30000 1.75540 4.00000 711.00000 20.10000 344.05000 23.97000 1
0.02731 0.00000 7.07000 0.00000 0.46900 6.42100 78.90000 4.96710 2.00000 242.00000 17.80000 396.90000 9.14000 2
0.08829 12.50000 7.87000 0.00000 0.52400 6.01200 66.60000 5.56050 5.00000 311.00000 15.20000 395.60000 12.43000 2
0.21124 12.50000 7.87000 0.00000 0.52400 5.63100 100.00000 6.08210 5.00000 311.00000 15.20000 386.63000 29.93000 2
0.22489 12.50000 7.87000 0.00000 0.52400 6.37700 94.30000 6.34670 5.00000 311.00000 15.20000 392.52000 20.45000 2
0.62976 0.00000 8.14000 0.00000 0.53800 5.94900 61.80000 4.70750 4.00000 307.00000 21.00000 396.90000 8.26000 2
0.63796 0.00000 8.14000 0.00000 0.53800 6.09600 84.50000 4.46190 4.00000 307.00000 21.00000 380.02000 10.26000 2
0.62739 0.00000 8.14000 0.00000 0.53800 5.83400 56.50000 4.49860 4.00000 307.00000 21.00000 395.62000 8.47000 2
0.80271 0.00000 8.14000 0.00000 0.53800 5.45600 36.60000 3.79650 4.00000 307.00000 21.00000 288.99000 11.69000 2
0.85204 0.00000 8.14000 0.00000 0.53800 5.96500 89.20000 4.01230 4.00000 307.00000 21.00000 392.53000 13.83000 2
0.98843 0.00000 8.14000 0.00000 0.53800 5.81300 100.00000 4.09520 4.00000 307.00000 21.00000 394.54000 19.88000 2
0.75026 0.00000 8.14000 0.00000 0.53800 5.92400 94.10000 4.39960 4.00000 307.00000 21.00000 394.33000 16.30000 2
0.67191 0.00000 8.14000 0.00000 0.53800 5.81300 90.30000 4.68200 4.00000 307.00000 21.00000 376.88000 14.81000 2
0.95577 0.00000 8.14000 0.00000 0.53800 6.04700 88.80000 4.45340 4.00000 307.00000 21.00000 306.38000 17.28000 2
0.09744 0.00000 5.96000 0.00000 0.49900 5.84100 61.40000 3.37790 5.00000 279.00000 19.20000 377.56000 11.41000 2
0.12269 0.00000 6.91000 0.00000 0.44800 6.06900 40.00000 5.72090 3.00000 233.00000 17.90000 389.39000 9.55000 2
0.18836 0.00000 6.91000 0.00000 0.44800 5.78600 33.30000 5.10040 3.00000 233.00000 17.90000 396.90000 14.15000 2
0.22927 0.00000 6.91000 0.00000 0.44800 6.03000 85.50000 5.68940 3.00000 233.00000 17.90000 392.74000 18.80000 2
0.25387 0.00000 6.91000 0.00000 0.44800 5.39900 95.30000 5.87000 3.00000 233.00000 17.90000 396.90000 30.81000 2
0.21977 0.00000 6.91000 0.00000 0.44800 5.60200 62.00000 6.08770 3.00000 233.00000 17.90000 396.90000 16.20000 2
0.08873 21.00000 5.64000 0.00000 0.43900 5.96300 45.70000 6.81470 4.00000 243.00000 16.80000 395.56000 13.45000 2
0.04337 21.00000 5.64000 0.00000 0.43900 6.11500 63.00000 6.81470 4.00000 243.00000 16.80000 393.97000 9.43000 2
0.10328 25.00000 5.13000 0.00000 0.45300 5.92700 47.20000 6.93200 8.00000 284.00000 19.70000 396.90000 9.22000 2
0.14932 25.00000 5.13000 0.00000 0.45300 5.74100 66.20000 7.22540 8.00000 284.00000 19.70000 395.11000 13.15000 2
0.17171 25.00000 5.13000 0.00000 0.45300 5.96600 93.40000 6.81850 8.00000 284.00000 19.70000 378.08000 14.44000 2
0.13554 12.50000 6.07000 0.00000 0.40900 5.59400 36.80000 6.49800 4.00000 345.00000 18.90000 396.90000 13.09000 2
0.12816 12.50000 6.07000 0.00000 0.40900 5.88500 33.00000 6.49800 4.00000 345.00000 18.90000 396.90000 8.79000 2
0.05646 0.00000 12.83000 0.00000 0.43700 6.23200 53.70000 5.01410 5.00000 398.00000 18.70000 386.40000 12.34000 2
0.08387 0.00000 12.83000 0.00000 0.43700 5.87400 36.60000 4.50260 5.00000 398.00000 18.70000 396.06000 9.10000 2
0.05188 0.00000 4.49000 0.00000 0.44900 6.01500 45.10000 4.42720 3.00000 247.00000 18.50000 395.99000 12.86000 2
0.07151 0.00000 4.49000 0.00000 0.44900 6.12100 56.80000 3.74760 3.00000 247.00000 18.50000 395.15000 8.44000 2
0.04684 0.00000 3.41000 0.00000 0.48900 6.41700 66.10000 3.09230 2.00000 270.00000 17.80000 392.18000 8.81000 2
0.13960 0.00000 8.56000 0.00000 0.52000 6.16700 90.00000 2.42100 5.00000 384.00000 20.90000 392.69000 12.33000 2
0.13262 0.00000 8.56000 0.00000 0.52000 5.85100 96.70000 2.10690 5.00000 384.00000 20.90000 394.05000 16.47000 2
0.17120 0.00000 8.56000 0.00000 0.52000 5.83600 91.90000 2.21100 5.00000 384.00000 20.90000 395.67000 18.66000 2
0.13117 0.00000 8.56000 0.00000 0.52000 6.12700 85.20000 2.12240 5.00000 384.00000 20.90000 387.69000 14.09000 2
0.12802 0.00000 8.56000 0.00000 0.52000 6.47400 97.10000 2.43290 5.00000 384.00000 20.90000 395.24000 12.27000 2
0.26363 0.00000 8.56000 0.00000 0.52000 6.22900 91.20000 2.54510 5.00000 384.00000 20.90000 391.23000 15.55000 2
0.12329 0.00000 10.01000 0.00000 0.54700 5.91300 92.90000 2.35340 6.00000 432.00000 17.80000 394.95000 16.21000 2
0.22212 0.00000 10.01000 0.00000 0.54700 6.09200 95.40000 2.54800 6.00000 432.00000 17.80000 396.90000 17.09000 2
0.14231 0.00000 10.01000 0.00000 0.54700 6.25400 84.20000 2.25650 6.00000 432.00000 17.80000 388.74000 10.45000 2
0.13158 0.00000 10.01000 0.00000 0.54700 6.17600 72.50000 2.73010 6.00000 432.00000 17.80000 393.30000 12.04000 2
0.15098 0.00000 10.01000 0.00000 0.54700 6.02100 82.60000 2.74740 6.00000 432.00000 17.80000 394.51000 10.30000 2
0.13058 0.00000 10.01000 0.00000 0.54700 5.87200 73.10000 2.47750 6.00000 432.00000 17.80000 338.63000 15.37000 2
0.14476 0.00000 10.01000 0.00000 0.54700 5.73100 65.20000 2.75920 6.00000 432.00000 17.80000 391.50000 13.61000 2
0.06899 0.00000 25.65000 0.00000 0.58100 5.87000 69.70000 2.25770 2.00000 188.00000 19.10000 389.15000 14.37000 2
0.09299 0.00000 25.65000 0.00000 0.58100 5.96100 92.90000 2.08690 2.00000 188.00000 19.10000 378.09000 17.93000 2
0.15038 0.00000 25.65000 0.00000 0.58100 5.85600 97.00000 1.94440 2.00000 188.00000 19.10000 370.31000 25.41000 2
0.38735 0.00000 25.65000 0.00000 0.58100 5.61300 95.60000 1.75720 2.00000 188.00000 19.10000 359.29000 27.26000 2
0.25915 0.00000 21.89000 0.00000 0.62400 5.69300 96.00000 1.78830 4.00000 437.00000 21.20000 392.11000 17.19000 2
0.32543 0.00000 21.89000 0.00000 0.62400 6.43100 98.80000 1.81250 4.00000 437.00000 21.20000 396.90000 15.39000 2
0.88125 0.00000 21.89000 0.00000 0.62400 5.63700 94.70000 1.97990 4.00000 437.00000 21.20000 396.90000 18.34000 2
1.19294 0.00000 21.89000 0.00000 0.62400 6.32600 97.70000 2.27100 4.00000 437.00000 21.20000 396.90000 12.26000 2
0.35233 0.00000 21.89000 0.00000 0.62400 6.45400 98.40000 1.84980 4.00000 437.00000 21.20000 394.08000 14.59000 2
0.54452 0.00000 21.89000 0.00000 0.62400 6.15100 97.90000 1.66870 4.00000 437.00000 21.20000 396.90000 18.46000 2
1.62864 0.00000 21.89000 0.00000 0.62400 5.01900 100.00000 1.43940 4.00000 437.00000 21.20000 396.90000 34.41000 2
4.09740 0.00000 19.58000 0.00000 0.87100 5.46800 100.00000 1.41180 5.00000 403.00000 14.70000 396.90000 26.42000 2
2.15505 0.00000 19.58000 0.00000 0.87100 5.62800 100.00000 1.51660 5.00000 403.00000 14.70000 169.27000 16.65000 2
2.36862 0.00000 19.58000 0.00000 0.87100 4.92600 95.70000 1.46080 5.00000 403.00000 14.70000 391.71000 29.53000 2
2.33099 0.00000 19.58000 0.00000 0.87100 5.18600 93.80000 1.52960 5.00000 403.00000 14.70000 356.99000 28.32000 2
2.73397 0.00000 19.58000 0.00000 0.87100 5.59700 94.90000 1.52570 5.00000 403.00000 14.70000 351.85000 21.45000 2
1.49632 0.00000 19.58000 0.00000 0.87100 5.40400 100.00000 1.59160 5.00000 403.00000 14.70000 341.60000 13.28000 2
1.41385 0.00000 19.58000 1.00000 0.87100 6.12900 96.00000 1.74940 5.00000 403.00000 14.70000 321.02000 15.12000 2
3.53501 0.00000 19.58000 1.00000 0.87100 6.15200 82.60000 1.74550 5.00000 403.00000 14.70000 88.01000 15.02000 2
2.24236 0.00000 19.58000 0.00000 0.60500 5.85400 91.80000 2.42200 5.00000 403.00000 14.70000 395.11000 11.64000 2
2.44953 0.00000 19.58000 0.00000 0.60500 6.40200 95.20000 2.26250 5.00000 403.00000 14.70000 330.04000 11.32000 2
1.20742 0.00000 19.58000 0.00000 0.60500 5.87500 94.60000 2.42590 5.00000 403.00000 14.70000 292.29000 14.43000 2
0.25199 0.00000 10.59000 0.00000 0.48900 5.78300 72.70000 4.35490 4.00000 277.00000 18.60000 389.43000 18.06000 2
0.17446 0.00000 10.59000 1.00000 0.48900 5.96000 92.10000 3.87710 4.00000 277.00000 18.60000 393.25000 17.27000 2
0.40771 0.00000 6.20000 1.00000 0.50700 6.16400 91.30000 3.04800 8.00000 307.00000 17.40000 395.24000 21.46000 2
0.11329 30.00000 4.93000 0.00000 0.42800 6.89700 54.30000 6.33610 6.00000 300.00000 16.60000 391.25000 11.38000 2
0.20608 22.00000 5.86000 0.00000 0.43100 5.59300 76.50000 7.95490 7.00000 330.00000 19.10000 372.49000 12.50000 2
0.19133 22.00000 5.86000 0.00000 0.43100 5.60500 70.20000 7.95490 7.00000 330.00000 19.10000 389.13000 18.46000 2
0.19657 22.00000 5.86000 0.00000 0.43100 6.22600 79.20000 8.05550 7.00000 330.00000 19.10000 376.14000 10.15000 2
0.04819 80.00000 3.64000 0.00000 0.39200 6.10800 32.00000 9.22030 1.00000 315.00000 16.40000 392.89000 6.57000 2
0.03548 80.00000 3.64000 0.00000 0.39200 5.87600 19.10000 9.22030 1.00000 315.00000 16.40000 395.18000 9.25000 2
0.76162 20.00000 3.97000 0.00000 0.64700 5.56000 62.80000 1.98650 5.00000 264.00000 13.00000 392.40000 10.45000 2
0.09065 20.00000 6.96000 1.00000 0.46400 5.92000 61.50000 3.91750 3.00000 223.00000 18.60000 391.34000 13.65000 2
0.29916 20.00000 6.96000 0.00000 0.46400 5.85600 42.10000 4.42900 3.00000 223.00000 18.60000 388.65000 13.00000 2
0.04590 52.50000 5.32000 0.00000 0.40500 6.31500 45.60000 7.31720 6.00000 293.00000 16.60000 396.90000 7.60000 2
0.08199 0.00000 13.92000 0.00000 0.43700 6.00900 42.30000 5.50270 4.00000 289.00000 16.00000 396.90000 10.40000 2
0.06466 70.00000 2.24000 0.00000 0.40000 6.34500 20.10000 7.82780 5.00000 358.00000 14.80000 368.24000 4.97000 2
0.03537 34.00000 6.09000 0.00000 0.43300 6.59000 40.40000 5.49170 7.00000 329.00000 16.10000 395.75000 9.50000 2
0.49298 0.00000 9.90000 0.00000 0.54400 6.63500 82.50000 3.31750 4.00000 304.00000 18.40000 396.90000 4.54000 2
0.34940 0.00000 9.90000 0.00000 0.54400 5.97200 76.70000 3.10250 4.00000 304.00000 18.40000 396.24000 9.97000 2
0.79041 0.00000 9.90000 0.00000 0.54400 6.12200 52.80000 2.64030 4.00000 304.00000 18.40000 396.90000 5.98000 2
0.25356 0.00000 9.90000 0.00000 0.54400 5.70500 77.70000 3.94500 4.00000 304.00000 18.40000 396.42000 11.50000 2
0.31827 0.00000 9.90000 0.00000 0.54400 5.91400 83.20000 3.99860 4.00000 304.00000 18.40000 390.70000 18.33000 2
0.47547 0.00000 9.90000 0.00000 0.54400 6.11300 58.80000 4.00190 4.00000 304.00000 18.40000 396.23000 12.73000 2
0.35114 0.00000 7.38000 0.00000 0.49300 6.04100 49.90000 4.72110 5.00000 287.00000 19.60000 396.90000 7.70000 2
0.28392 0.00000 7.38000 0.00000 0.49300 5.70800 74.30000 4.72110 5.00000 287.00000 19.60000 391.13000 11.74000 2
0.24103 0.00000 7.38000 0.00000 0.49300 6.08300 43.70000 5.41590 5.00000 287.00000 19.60000 396.90000 12.79000 2
0.06617 0.00000 3.24000 0.00000 0.46000 5.86800 25.80000 5.21460 4.00000 430.00000 16.90000 382.44000 9.97000 2
0.05083 0.00000 5.19000 0.00000 0.51500 6.31600 38.10000 6.45840 5.00000 224.00000 20.20000 389.71000 5.68000 2
0.03961 0.00000 5.19000 0.00000 0.51500 6.03700 34.50000 5.98530 5.00000 224.00000 20.20000 396.90000 8.01000 2
0.03427 0.00000 5.19000 0.00000 0.51500 5.86900 46.30000 5.23110 5.00000 224.00000 20.20000 396.90000 9.80000 2
0.05497 0.00000 5.19000 0.00000 0.51500 5.98500 45.40000 4.81220 5.00000 224.00000 20.20000 396.90000 9.74000 2
0.06151 0.00000 5.19000 0.00000 0.51500 5.96800 58.50000 4.81220 5.00000 224.00000 20.20000 396.90000 9.29000 2
0.02498 0.00000 1.89000 0.00000 0.51800 6.54000 59.70000 6.26690 1.00000 422.00000 15.90000 389.96000 8.65000 2
0.06162 0.00000 4.39000 0.00000 0.44200 5.89800 52.30000 8.01360 3.00000 352.00000 18.80000 364.61000 12.67000 2
0.04301 80.00000 1.91000 0.00000 0.41300 5.66300 21.90000 10.58570 4.00000 334.00000 22.00000 382.80000 8.05000 2
0.10659 80.00000 1.91000 0.00000 0.41300 5.93600 19.50000 10.58570 4.00000 334.00000 22.00000 376.04000 5.57000 2
3.84970 0.00000 18.10000 1.00000 0.77000 6.39500 91.00000 2.50520 24.00000 666.00000 20.20000 391.34000 13.27000 2
5.20177 0.00000 18.10000 1.00000 0.77000 6.12700 83.40000 2.72270 24.00000 666.00000 20.20000 395.43000 11.48000 2
4.26131 0.00000 18.10000 0.00000 0.77000 6.11200 81.30000 2.50910 24.00000 666.00000 20.20000 390.74000 12.67000 2
4.22239 0.00000 18.10000 1.00000 0.77000 5.80300 89.00000 1.90470 24.00000 666.00000 20.20000 353.04000 14.64000 2
19.60910 0.00000 18.10000 0.00000 0.67100 7.31300 97.90000 1.31630 24.00000 666.00000 20.20000 396.90000 13.44000 2
51.13580 0.00000 18.10000 0.00000 0.59700 5.75700 100.00000 1.41300 24.00000 666.00000 20.20000 2.60000 10.11000 2
14.05070 0.00000 18.10000 0.00000 0.59700 6.65700 100.00000 1.52750 24.00000 666.00000 20.20000 35.05000 21.22000 2
7.02259 0.00000 18.10000 0.00000 0.71800 6.00600 95.30000 1.87460 24.00000 666.00000 20.20000 319.98000 15.70000 2
12.04820 0.00000 18.10000 0.00000 0.61400 5.64800 87.60000 1.95120 24.00000 666.00000 20.20000 291.55000 14.10000 2
9.72418 0.00000 18.10000 0.00000 0.74000 6.40600 97.20000 2.06510 24.00000 666.00000 20.20000 385.96000 19.52000 2
9.96654 0.00000 18.10000 0.00000 0.74000 6.48500 100.00000 1.97840 24.00000 666.00000 20.20000 386.73000 18.85000 2
6.28807 0.00000 18.10000 0.00000 0.74000 6.34100 96.40000 2.07200 24.00000 666.00000 20.20000 318.01000 17.79000 2
9.32909 0.00000 18.10000 0.00000 0.71300 6.18500 98.70000 2.26160 24.00000 666.00000 20.20000 396.90000 18.13000 2
5.44114 0.00000 18.10000 0.00000 0.71300 6.65500 98.20000 2.35520 24.00000 666.00000 20.20000 355.29000 17.73000 2
5.09017 0.00000 18.10000 0.00000 0.71300 6.29700 91.80000 2.36820 24.00000 666.00000 20.20000 385.09000 17.27000 2
4.75237 0.00000 18.10000 0.00000 0.71300 6.52500 86.50000 2.43580 24.00000 666.00000 20.20000 50.92000 18.13000 2
7.75223 0.00000 18.10000 0.00000 0.71300 6.30100 83.70000 2.78310 24.00000 666.00000 20.20000 272.21000 16.23000 2
6.80117 0.00000 18.10000 0.00000 0.71300 6.08100 84.40000 2.71750 24.00000 666.00000 20.20000 396.90000 14.70000 2
6.65492 0.00000 18.10000 0.00000 0.71300 6.31700 83.00000 2.73440 24.00000 666.00000 20.20000 396.90000 13.99000 2
5.82115 0.00000 18.10000 0.00000 0.71300 6.51300 89.90000 2.80160 24.00000 666.00000 20.20000 393.82000 10.29000 2
7.83932 0.00000 18.10000 0.00000 0.65500 6.20900 65.40000 2.96340 24.00000 666.00000 20.20000 396.90000 13.22000 2
3.77498 0.00000 18.10000 0.00000 0.65500 5.95200 84.70000 2.87150 24.00000 666.00000 20.20000 22.01000 17.15000 2
4.42228 0.00000 18.10000 0.00000 0.58400 6.00300 94.50000 2.54030 24.00000 666.00000 20.20000 331.29000 21.32000 2
15.57570 0.00000 18.10000 0.00000 0.58000 5.92600 71.00000 2.90840 24.00000 666.00000 20.20000 368.74000 18.13000 2
13.07510 0.00000 18.10000 0.00000 0.58000 5.71300 56.70000 2.82370 24.00000 666.00000 20.20000 396.90000 14.76000 2
4.87141 0.00000 18.10000 0.00000 0.61400 6.48400 93.60000 2.30530 24.00000 666.00000 20.20000 396.21000 18.68000 2
14.33370 0.00000 18.10000 0.00000 0.61400 6.22900 88.00000 1.95120 24.00000 666.00000 20.20000 383.32000 13.11000 2
2.81838 0.00000 18.10000 0.00000 0.53200 5.76200 40.30000 4.09830 24.00000 666.00000 20.20000 392.92000 10.42000 2
2.37857 0.00000 18.10000 0.00000 0.58300 5.87100 41.90000 3.72400 24.00000 666.00000 20.20000 370.73000 13.34000 2
3.67367 0.00000 18.10000 0.00000 0.58300 6.31200 51.90000 3.99170 24.00000 666.00000 20.20000 388.62000 10.58000 2
5.69175 0.00000 18.10000 0.00000 0.58300 6.11400 79.80000 3.54590 24.00000 666.00000 20.20000 392.68000 14.98000 2
0.15086 0.00000 27.74000 0.00000 0.60900 5.45400 92.70000 1.82090 4.00000 711.00000 20.10000 395.09000 18.06000 2
0.11132 0.00000 27.74000 0.00000 0.60900 5.98300 83.50000 2.10990 4.00000 711.00000 20.10000 396.90000 13.35000 2
0.17331 0.00000 9.69000 0.00000 0.58500 5.70700 54.00000 2.38170 6.00000 391.00000 19.20000 396.90000 12.01000 2
0.28960 0.00000 9.69000 0.00000 0.58500 5.39000 72.90000 2.79860 6.00000 391.00000 19.20000 396.90000 21.14000 2
0.26838 0.00000 9.69000 0.00000 0.58500 5.79400 70.60000 2.89270 6.00000 391.00000 19.20000 396.90000 14.10000 2
0.23912 0.00000 9.69000 0.00000 0.58500 6.01900 65.30000 2.40910 6.00000 391.00000 19.20000 396.90000 12.92000 2
0.17783 0.00000 9.69000 0.00000 0.58500 5.56900 73.50000 2.39990 6.00000 391.00000 19.20000 395.77000 15.10000 2
0.06263 0.00000 11.93000 0.00000 0.57300 6.59300 69.10000 2.47860 1.00000 273.00000 21.00000 391.99000 9.67000 2
0.10959 0.00000 11.93000 0.00000 0.57300 6.79400 89.30000 2.38890 1.00000 273.00000 21.00000 393.45000 6.48000 2
0.00632 18.00000 2.31000 0.00000 0.53800 6.57500 65.20000 4.09000 1.00000 296.00000 15.30000 396.90000 4.98000 3
0.17505 0.00000 5.96000 0.00000 0.49900 5.96600 30.20000 3.84730 5.00000 279.00000 19.20000 393.43000 10.13000 3
0.02763 75.00000 2.95000 0.00000 0.42800 6.59500 21.80000 5.40110 3.00000 252.00000 18.30000 395.63000 4.32000 3
0.14150 0.00000 6.91000 0.00000 0.44800 6.16900 6.60000 5.72090 3.00000 233.00000 17.90000 383.37000 5.81000 3
0.04981 21.00000 5.64000 0.00000 0.43900 5.99800 21.40000 6.81470 4.00000 243.00000 16.80000 396.90000 8.43000 3
0.02055 85.00000 0.74000 0.00000 0.41000 6.38300 35.70000 9.18760 2.00000 313.00000 17.30000 396.90000 5.77000 3
0.15445 25.00000 5.13000 0.00000 0.45300 6.14500 29.20000 7.81480 8.00000 284.00000 19.70000 390.68000 6.86000 3
0.12650 25.00000 5.13000 0.00000 0.45300 6.76200 43.40000 7.98090 8.00000 284.00000 19.70000 395.58000 9.50000 3
0.03584 80.00000 3.37000 0.00000 0.39800 6.29000 17.80000 6.61150 4.00000 337.00000 16.10000 396.90000 4.67000 3
0.08826 0.00000 10.81000 0.00000 0.41300 6.41700 6.60000 5.28730 4.00000 305.00000 19.20000 383.73000 6.72000 3
0.07896 0.00000 12.83000 0.00000 0.43700 6.27300 6.00000 4.25150 5.00000 398.00000 18.70000 394.92000 6.78000 3
0.04113 25.00000 4.86000 0.00000 0.42600 6.72700 33.50000 5.40070 4.00000 281.00000 19.00000 396.90000 5.29000 3
0.04462 25.00000 4.86000 0.00000 0.42600 6.61900 70.40000 5.40070 4.00000 281.00000 19.00000 395.63000 7.22000 3
0.05059 0.00000 4.49000 0.00000 0.44900 6.38900 48.00000 4.77940 3.00000 247.00000 18.50000 396.90000 9.62000 3
0.05735 0.00000 4.49000 0.00000 0.44900 6.63000 56.10000 4.43770 3.00000 247.00000 18.50000 392.30000 6.53000 3
0.02875 28.00000 15.04000 0.00000 0.46400 6.21100 28.90000 3.66590 4.00000 270.00000 18.20000 396.33000 6.21000 3
0.12204 0.00000 2.89000 0.00000 0.44500 6.62500 57.80000 3.49520 2.00000 276.00000 18.00000 357.98000 6.65000 3
0.11432 0.00000 8.56000 0.00000 0.52000 6.78100 71.30000 2.85610 5.00000 384.00000 20.90000 395.58000 7.67000 3
1.34284 0.00000 19.58000 0.00000 0.60500 6.06600 100.00000 1.75730 5.00000 403.00000 14.70000 353.89000 6.43000 3
1.27346 0.00000 19.58000 1.00000 0.60500 6.25000 92.60000 1.79840 5.00000 403.00000 14.70000 338.92000 5.50000 3
1.80028 0.00000 19.58000 0.00000 0.60500 5.87700 79.20000 2.42590 5.00000 403.00000 14.70000 227.61000 12.14000 3
2.30040 0.00000 19.58000 0.00000 0.60500 6.31900 96.10000 2.10000 5.00000 403.00000 14.70000 297.09000 11.10000 3
0.13914 0.00000 4.05000 0.00000 0.51000 5.57200 88.50000 2.59610 5.00000 296.00000 16.60000 396.90000 14.69000 3
0.07022 0.00000 4.05000 0.00000 0.51000 6.02000 47.20000 3.55490 5.00000 296.00000 16.60000 393.23000 10.11000 3
0.05425 0.00000 4.05000 0.00000 0.51000 6.31500 73.40000 3.31750 5.00000 296.00000 16.60000 395.60000 6.29000 3
0.06047 0.00000 2.46000 0.00000 0.48800 6.15300 68.80000 3.27970 3.00000 193.00000 17.80000 387.11000 13.15000 3
0.06911 45.00000 3.44000 0.00000 0.43700 6.73900 30.80000 6.47980 5.00000 398.00000 15.20000 389.71000 4.69000 3
0.02187 60.00000 2.93000 0.00000 0.40100 6.80000 9.90000 6.21960 1.00000 265.00000 15.60000 393.37000 5.03000 3
0.01439 60.00000 2.93000 0.00000 0.40100 6.60400 18.80000 6.21960 1.00000 265.00000 15.60000 376.70000 4.38000 3
0.04666 80.00000 1.52000 0.00000 0.40400 7.10700 36.60000 7.30900 2.00000 329.00000 12.60000 354.31000 8.61000 3
0.03445 82.50000 2.03000 0.00000 0.41500 6.16200 38.40000 6.27000 2.00000 348.00000 14.70000 393.77000 7.43000 3
0.13587 0.00000 10.59000 1.00000 0.48900 6.06400 59.10000 4.23920 4.00000 277.00000 18.60000 381.32000 14.66000 3
0.14052 0.00000 10.59000 0.00000 0.48900 6.37500 32.30000 3.94540 4.00000 277.00000 18.60000 385.81000 9.38000 3
0.19802 0.00000 10.59000 0.00000 0.48900 6.18200 42.40000 3.94540 4.00000 277.00000 18.60000 393.63000 9.47000 3
0.04560 0.00000 13.89000 1.00000 0.55000 5.88800 56.00000 3.11210 5.00000 276.00000 16.40000 392.80000 13.51000 3
0.07013 0.00000 13.89000 0.00000 0.55000 6.64200 85.10000 3.42110 5.00000 276.00000 16.40000 392.78000 9.69000 3
0.35809 0.00000 6.20000 1.00000 0.50700 6.95100 88.50000 2.86170 8.00000 307.00000 17.40000 391.70000 9.71000 3
0.44178 0.00000 6.20000 0.00000 0.50400 6.55200 21.40000 3.37510 8.00000 307.00000 17.40000 380.34000 3.76000 3
0.44791 0.00000 6.20000 1.00000 0.50700 6.72600 66.50000 3.65190 8.00000 307.00000 17.40000 360.20000 8.05000 3
0.09252 30.00000 4.93000 0.00000 0.42800 6.60600 42.20000 6.18990 6.00000 300.00000 16.60000 383.78000 7.37000 3
0.12757 30.00000 4.93000 0.00000 0.42800 6.39300 7.80000 7.03550 6.00000 300.00000 16.60000 374.71000 5.19000 3
0.33983 22.00000 5.86000 0.00000 0.43100 6.10800 34.90000 8.05550 7.00000 330.00000 19.10000 390.18000 9.16000 3
0.16439 22.00000 5.86000 0.00000 0.43100 6.43300 49.10000 7.82650 7.00000 330.00000 19.10000 374.71000 9.52000 3
0.19073 22.00000 5.86000 0.00000 0.43100 6.71800 17.50000 7.82650 7.00000 330.00000 19.10000 393.74000 6.56000 3
0.14030 22.00000 5.86000 0.00000 0.43100 6.48700 13.00000 7.39670 7.00000 330.00000 19.10000 396.28000 5.90000 3
0.21409 22.00000 5.86000 0.00000 0.43100 6.43800 8.90000 7.39670 7.00000 330.00000 19.10000 377.07000 3.59000 3
0.82526 20.00000 3.97000 0.00000 0.64700 7.32700 94.50000 2.07880 5.00000 264.00000 13.00000 393.42000 11.25000 3
0.09604 40.00000 6.41000 0.00000 0.44700 6.85400 42.80000 4.26730 4.00000 254.00000 17.60000 396.90000 2.98000 3
0.07978 40.00000 6.41000 0.00000 0.44700 6.48200 32.10000 4.14030 4.00000 254.00000 17.60000 396.90000 7.19000 3
0.03871 52.50000 5.32000 0.00000 0.40500 6.20900 31.30000 7.31720 6.00000 293.00000 16.60000 396.90000 7.14000 3
0.04297 52.50000 5.32000 0.00000 0.40500 6.56500 22.90000 7.31720 6.00000 293.00000 16.60000 371.72000 9.51000 3
0.03502 80.00000 4.95000 0.00000 0.41100 6.86100 27.90000 5.11670 4.00000 245.00000 19.20000 396.90000 3.33000 3
0.08265 0.00000 13.92000 0.00000 0.43700 6.12700 18.40000 5.50270 4.00000 289.00000 16.00000 396.90000 8.58000 3
0.12932 0.00000 13.92000 0.00000 0.43700 6.67800 31.10000 5.96040 4.00000 289.00000 16.00000 396.90000 6.27000 3
0.05372 0.00000 13.92000 0.00000 0.43700 6.54900 51.00000 5.96040 4.00000 289.00000 16.00000 392.85000 7.39000 3
0.05561 70.00000 2.24000 0.00000 0.40000 7.04100 10.00000 7.82780 5.00000 358.00000 14.80000 371.58000 4.74000 3
0.04417 70.00000 2.24000 0.00000 0.40000 6.87100 47.40000 7.82780 5.00000 358.00000 14.80000 390.86000 6.07000 3
0.04932 33.00000 2.18000 0.00000 0.47200 6.84900 70.30000 3.18270 7.00000 222.00000 18.40000 396.90000 7.53000 3
0.40202 0.00000 9.90000 0.00000 0.54400 6.38200 67.20000 3.53250 4.00000 304.00000 18.40000 395.21000 10.36000 3
0.34109 0.00000 7.38000 0.00000 0.49300 6.41500 40.10000 4.72110 5.00000 287.00000 19.60000 396.90000 6.12000 3
0.02543 55.00000 3.78000 0.00000 0.48400 6.69600 56.40000 5.73210 5.00000 370.00000 17.60000 396.90000 7.18000 3
0.01870 85.00000 4.15000 0.00000 0.42900 6.51600 27.70000 8.53530 4.00000 351.00000 17.90000 392.43000 6.36000 3
0.01501 80.00000 2.01000 0.00000 0.43500 6.63500 29.70000 8.34400 4.00000 280.00000 17.00000 390.94000 5.99000 3
0.02899 40.00000 1.25000 0.00000 0.42900 6.93900 34.50000 8.79210 1.00000 335.00000 19.70000 389.85000 5.89000 3
0.07950 60.00000 1.69000 0.00000 0.41100 6.57900 35.90000 10.71030 4.00000 411.00000 18.30000 370.78000 5.49000 3
0.01709 90.00000 2.02000 0.00000 0.41000 6.72800 36.10000 12.12650 5.00000 187.00000 17.00000 384.46000 4.50000 3
4.54192 0.00000 18.10000 0.00000 0.77000 6.39800 88.00000 2.51820 24.00000 666.00000 20.20000 374.56000 7.79000 3
4.55587 0.00000 18.10000 0.00000 0.71800 3.56100 87.90000 1.61320 24.00000 666.00000 20.20000 354.70000 7.12000 3
11.95110 0.00000 18.10000 0.00000 0.65900 5.60800 100.00000 1.28520 24.00000 666.00000 20.20000 332.09000 12.13000 3
14.43830 0.00000 18.10000 0.00000 0.59700 6.85200 100.00000 1.46550 24.00000 666.00000 20.20000 179.36000 19.78000 3
3.56868 0.00000 18.10000 0.00000 0.58000 6.43700 75.00000 2.89650 24.00000 666.00000 20.20000 393.37000 14.36000 3
4.64689 0.00000 18.10000 0.00000 0.61400 6.98000 67.60000 2.53290 24.00000 666.00000 20.20000 374.68000 11.66000 3
0.27957 0.00000 9.69000 0.00000 0.58500 5.92600 42.60000 2.38170 6.00000 391.00000 19.20000 396.90000 13.59000 3
0.02729 0.00000 7.07000 0.00000 0.46900 7.18500 61.10000 4.96710 2.00000 242.00000 17.80000 392.83000 4.03000 4
0.06905 0.00000 2.18000 0.00000 0.45800 7.14700 54.20000 6.06220 3.00000 222.00000 18.70000 396.90000 5.33000 4
0.01311 90.00000 1.22000 0.00000 0.40300 7.24900 21.90000 8.69660 5.00000 226.00000 17.90000 395.93000 4.81000 4
0.01951 17.50000 1.38000 0.00000 0.41610 7.10400 59.50000 9.22290 3.00000 216.00000 18.60000 393.24000 8.05000 4
0.12083 0.00000 2.89000 0.00000 0.44500 8.06900 76.00000 3.49520 2.00000 276.00000 18.00000 396.90000 4.21000 4
0.06860 0.00000 2.89000 0.00000 0.44500 7.41600 62.50000 3.49520 2.00000 276.00000 18.00000 396.90000 6.19000 4
0.06588 0.00000 2.46000 0.00000 0.48800 7.76500 83.30000 2.74100 3.00000 193.00000 17.80000 395.56000 7.56000 4
0.06888 0.00000 2.46000 0.00000 0.48800 6.14400 62.20000 2.59790 3.00000 193.00000 17.80000 396.90000 9.45000 4
0.09103 0.00000 2.46000 0.00000 0.48800 7.15500 92.20000 2.70060 3.00000 193.00000 17.80000 394.12000 4.82000 4
0.09068 45.00000 3.44000 0.00000 0.43700 6.95100 21.50000 6.47980 5.00000 398.00000 15.20000 377.68000 5.10000 4
0.08664 45.00000 3.44000 0.00000 0.43700 7.17800 26.30000 6.47980 5.00000 398.00000 15.20000 390.49000 2.87000 4
0.38214 0.00000 6.20000 0.00000 0.50400 8.04000 86.50000 3.21570 8.00000 307.00000 17.40000 387.38000 3.13000 4
0.54011 20.00000 3.97000 0.00000 0.64700 7.20300 81.80000 2.11210 5.00000 264.00000 13.00000 392.80000 9.59000 4
0.55007 20.00000 3.97000 0.00000 0.64700 7.20600 91.60000 1.93010 5.00000 264.00000 13.00000 387.89000 8.10000 4
0.22188 20.00000 6.96000 1.00000 0.46400 7.69100 51.80000 4.36650 3.00000 223.00000 18.60000 390.77000 6.58000 4
0.05644 40.00000 6.41000 1.00000 0.44700 6.75800 32.90000 4.07760 4.00000 254.00000 17.60000 396.90000 3.53000 4
0.10469 40.00000 6.41000 1.00000 0.44700 7.26700 49.00000 4.78720 4.00000 254.00000 17.60000 389.25000 6.05000 4
0.21038 20.00000 3.33000 0.00000 0.44290 6.81200 32.20000 4.10070 5.00000 216.00000 14.90000 396.90000 4.85000 4
0.03705 20.00000 3.33000 0.00000 0.44290 6.96800 37.20000 5.24470 5.00000 216.00000 14.90000 392.23000 4.59000 4
0.07886 80.00000 4.95000 0.00000 0.41100 7.14800 27.70000 5.11670 4.00000 245.00000 19.20000 396.90000 3.56000 4
0.05515 33.00000 2.18000 0.00000 0.47200 7.23600 41.10000 4.02200 7.00000 222.00000 18.40000 393.68000 6.93000 4
0.07503 33.00000 2.18000 0.00000 0.47200 7.42000 71.90000 3.09920 7.00000 222.00000 18.40000 396.90000 6.47000 4
0.08187 0.00000 2.89000 0.00000 0.44500 7.82000 36.90000 3.49520 2.00000 276.00000 18.00000 393.53000 3.57000 5
1.22358 0.00000 19.58000 0.00000 0.60500 6.94300 97.40000 1.87730 5.00000 403.00000 14.70000 363.43000 4.59000 5
1.83377 0.00000 19.58000 1.00000 0.60500 7.80200 98.20000 2.04070 5.00000 403.00000 14.70000 389.61000 1.92000 5
2.01019 0.00000 19.58000 0.00000 0.60500 7.92900 96.20000 2.04590 5.00000 403.00000 14.70000 369.30000 3.70000 5
0.01381 80.00000 0.46000 0.00000 0.42200 7.87500 32.00000 5.64840 4.00000 255.00000 14.40000 394.23000 2.97000 5
0.03510 95.00000 2.68000 0.00000 0.41610 7.85300 33.20000 5.11800 4.00000 224.00000 14.70000 392.78000 3.81000 5
0.02009 95.00000 2.68000 0.00000 0.41610 8.03400 31.90000 5.11800 4.00000 224.00000 14.70000 390.55000 2.88000 5
0.52693 0.00000 6.20000 0.00000 0.50400 8.72500 83.00000 2.89440 8.00000 307.00000 17.40000 382.00000 4.63000 5
0.29819 0.00000 6.20000 0.00000 0.50400 7.68600 17.00000 3.37510 8.00000 307.00000 17.40000 377.51000 3.92000 5
0.33147 0.00000 6.20000 0.00000 0.50700 8.24700 70.40000 3.65190 8.00000 307.00000 17.40000 378.95000 3.95000 5
0.36894 22.00000 5.86000 0.00000 0.43100 8.25900 8.40000 8.90670 7.00000 330.00000 19.10000 396.90000 3.54000 5
0.61154 20.00000 3.97000 0.00000 0.64700 8.70400 86.90000 1.80100 5.00000 264.00000 13.00000 389.70000 5.12000 5
0.53412 20.00000 3.97000 0.00000 0.64700 7.52000 89.40000 2.13980 5.00000 264.00000 13.00000 388.37000 7.26000 5
0.52014 20.00000 3.97000 0.00000 0.64700 8.39800 91.50000 2.28850 5.00000 264.00000 13.00000 386.86000 5.91000 5
0.54050 20.00000 3.97000 0.00000 0.57500 7.47000 52.60000 2.87200 5.00000 264.00000 13.00000 390.30000 3.16000 5
0.03578 20.00000 3.33000 0.00000 0.44290 7.82000 64.50000 4.69470 5.00000 216.00000 14.90000 387.31000 3.76000 5
0.01501 90.00000 1.21000 1.00000 0.40100 7.92300 24.80000 5.88500 1.00000 198.00000 13.60000 395.52000 3.16000 5
6.53876 0.00000 18.10000 1.00000 0.63100 7.01600 97.50000 1.20240 24.00000 666.00000 20.20000 392.05000 2.96000 5
9.23230 0.00000 18.10000 0.00000 0.63100 6.21600 100.00000 1.16910 24.00000 666.00000 20.20000 366.15000 9.53000 5
