16.81180 0.00000 18.10000 0.00000 0.70000 5.27700 98.10000 1.42610 24.00000 666.00000 20.20000 396.90000 30.81000 1
7.67202 0.00000 18.10000 0.00000 0.69300 5.74700 98.90000 1.63340 24.00000 666.00000 20.20000 393.10000 19.92000 1
9.91655 0.00000 18.10000 0.00000 0.69300 5.85200 77.80000 1.50040 24.00000 666.00000 20.20000 338.16000 29.97000 1
25.04610 0.00000 18.10000 0.00000 0.69300 5.98700 100.00000 1.58880 24.00000 666.00000 20.20000 396.90000 26.77000 1
14.23620 0.00000 18.10000 0.00000 0.69300 6.34300 100.00000 1.57410 24.00000 666.00000 20.20000 396.90000 20.32000 1
24.80170 0.00000 18.10000 0.00000 0.69300 5.34900 96.00000 1.70280 24.00000 666.00000 20.20000 396.90000 19.77000 1
67.92080 0.00000 18.10000 0.00000 0.69300 5.68300 100.00000 1.42540 24.00000 666.00000 20.20000 384.97000 22.98000 1
45.74610 0.00000 18.10000 0.00000 0.69300 4.51900 100.00000 1.65820 24.00000 666.00000 20.20000 88.27000 36.98000 1
73.53410 0.00000 18.10000 0.00000 0.67900 5.95700 100.00000 1.80260 24.00000 666.00000 20.20000 16.45000 20.62000 1
15.86030 0.00000 18.10000 0.00000 0.67900 5.89600 95.40000 1.90960 24.00000 666.00000 20.20000 7.68000 24.39000 1
15.17720 0.00000 18.10000 0.00000 0.74000 6.15200 100.00000 1.91420 24.00000 666.00000 20.20000 9.32000 26.45000 1
0.18337 0.00000 27.74000 0.00000 0.60900 5.41400 98.30000 1.75540 4.00000 711.00000 20.10000 344.05000 23.97000 1
0.20746 0.00000 27.74000 0.00000 0.60900 5.09300 98.00000 1.82260 4.00000 711.00000 20.10000 318.43000 29.68000 1
1.25179 0.00000 8.14000 0.00000 0.53800 5.57000 98.10000 3.79790 4.00000 307.00000 21.00000 376.57000 21.02000 2
1.38799 0.00000 8.14000 0.00000 0.53800 5.95000 82.00000 3.99000 4.00000 307.00000 21.00000 232.60000 27.71000 2
0.24980 0.00000 21.89000 0.00000 0.62400 5.85700 98.20000 1.66860 4.00000 437.00000 21.20000 392.04000 21.32000 2
0.29090 0.00000 21.89000 0.00000 0.62400 6.17400 93.60000 1.61190 4.00000 437.00000 21.20000 388.08000 24.16000 2
2.77974 0.00000 19.58000 0.00000 0.87100 4.90300 97.80000 1.34590 5.00000 403.00000 14.70000 396.90000 29.29000 2
11.10810 0.00000 18.10000 0.00000 0.66800 4.90600 100.00000 1.17420 24.00000 666.00000 20.20000 396.90000 34.77000 2
15.28800 0.00000 18.10000 0.00000 0.67100 6.64900 93.30000 1.34490 24.00000 666.00000 20.20000 363.02000 23.24000 2
17.86670 0.00000 18.10000 0.00000 0.67100 6.22300 100.00000 1.38610 24.00000 666.00000 20.20000 393.74000 21.78000 2
88.97620 0.00000 18.10000 0.00000 0.67100 6.96800 91.90000 1.41650 24.00000 666.00000 20.20000 396.90000 17.21000 2
9.18702 0.00000 18.10000 0.00000 0.70000 5.53600 100.00000 1.58040 24.00000 666.00000 20.20000 396.90000 23.60000 2
7.99248 0.00000 18.10000 0.00000 0.70000 5.52000 100.00000 1.53310 24.00000 666.00000 20.20000 396.90000 24.56000 2
14.33370 0.00000 18.10000 0.00000 0.70000 4.88000 100.00000 1.58950 24.00000 666.00000 20.20000 372.92000 30.62000 2
8.15174 0.00000 18.10000 0.00000 0.70000 5.39000 98.90000 1.72810 24.00000 666.00000 20.20000 396.90000 20.85000 2
11.57790 0.00000 18.10000 0.00000 0.70000 5.03600 97.00000 1.77000 24.00000 666.00000 20.20000 396.90000 25.68000 2
8.64476 0.00000 18.10000 0.00000 0.69300 6.19300 92.60000 1.79120 24.00000 666.00000 20.20000 396.90000 15.17000 2
8.71675 0.00000 18.10000 0.00000 0.69300 6.47100 98.80000 1.72570 24.00000 666.00000 20.20000 391.98000 17.12000 2
20.71620 0.00000 18.10000 0.00000 0.65900 4.13800 100.00000 1.17810 24.00000 666.00000 20.20000 370.22000 23.34000 2
12.24720 0.00000 18.10000 0.00000 0.58400 5.83700 59.70000 1.99760 24.00000 666.00000 20.20000 24.65000 15.69000 2
37.66190 0.00000 18.10000 0.00000 0.67900 6.20200 78.70000 1.86290 24.00000 666.00000 20.20000 18.82000 14.52000 2
7.36711 0.00000 18.10000 0.00000 0.67900 6.19300 78.10000 1.93560 24.00000 666.00000 20.20000 96.73000 21.52000 2
13.91340 0.00000 18.10000 0.00000 0.71300 6.20800 95.00000 2.22220 24.00000 666.00000 20.20000 100.63000 15.17000 2
11.16040 0.00000 18.10000 0.00000 0.74000 6.62900 94.60000 2.12470 24.00000 666.00000 20.20000 109.85000 23.27000 2
14.42080 0.00000 18.10000 0.00000 0.74000 6.46100 93.30000 2.00260 24.00000 666.00000 20.20000 27.49000 18.05000 2
9.39063 0.00000 18.10000 0.00000 0.74000 5.62700 93.90000 1.81720 24.00000 666.00000 20.20000 396.90000 22.88000 2
12.80230 0.00000 18.10000 0.00000 0.74000 5.85400 96.60000 1.89560 24.00000 666.00000 20.20000 240.52000 23.79000 2
10.67180 0.00000 18.10000 0.00000 0.74000 6.45900 94.80000 1.98790 24.00000 666.00000 20.20000 43.06000 23.98000 2
9.92485 0.00000 18.10000 0.00000 0.74000 6.25100 96.60000 2.19800 24.00000 666.00000 20.20000 388.52000 16.44000 2
4.66883 0.00000 18.10000 0.00000 0.71300 5.97600 87.90000 2.58060 24.00000 666.00000 20.20000 10.48000 19.01000 2
8.20058 0.00000 18.10000 0.00000 0.71300 5.93600 80.30000 2.77920 24.00000 666.00000 20.20000 3.50000 16.94000 2
6.39312 0.00000 18.10000 0.00000 0.58400 6.16200 97.40000 2.20600 24.00000 666.00000 20.20000 302.76000 24.10000 2
15.02340 0.00000 18.10000 0.00000 0.61400 5.30400 97.30000 2.10070 24.00000 666.00000 20.20000 349.48000 24.91000 2
0.04741 0.00000 11.93000 0.00000 0.57300 6.03000 80.80000 2.50500 1.00000 273.00000 21.00000 396.90000 7.88000 2
0.21124 12.50000 7.87000 0.00000 0.52400 5.63100 100.00000 6.08210 5.00000 311.00000 15.20000 386.63000 29.93000 3
0.22489 12.50000 7.87000 0.00000 0.52400 6.37700 94.30000 6.34670 5.00000 311.00000 15.20000 392.52000 20.45000 3
0.63796 0.00000 8.14000 0.00000 0.53800 6.09600 84.50000 4.46190 4.00000 307.00000 21.00000 380.02000 10.26000 3
1.23247 0.00000 8.14000 0.00000 0.53800 6.14200 91.70000 3.97690 4.00000 307.00000 21.00000 396.90000 18.72000 3
0.75026 0.00000 8.14000 0.00000 0.53800 5.92400 94.10000 4.39960 4.00000 307.00000 21.00000 394.33000 16.30000 3
0.67191 0.00000 8.14000 0.00000 0.53800 5.81300 90.30000 4.68200 4.00000 307.00000 21.00000 376.88000 14.81000 3
0.95577 0.00000 8.14000 0.00000 0.53800 6.04700 88.80000 4.45340 4.00000 307.00000 21.00000 306.38000 17.28000 3
0.77299 0.00000 8.14000 0.00000 0.53800 6.49500 94.40000 4.45470 4.00000 307.00000 21.00000 387.94000 12.80000 3
0.25387 0.00000 6.91000 0.00000 0.44800 5.39900 95.30000 5.87000 3.00000 233.00000 17.90000 396.90000 30.81000 3
0.14231 0.00000 10.01000 0.00000 0.54700 6.25400 84.20000 2.25650 6.00000 432.00000 17.80000 388.74000 10.45000 3
0.17134 0.00000 10.01000 0.00000 0.54700 5.92800 88.20000 2.46310 6.00000 432.00000 17.80000 344.91000 15.76000 3
0.38735 0.00000 25.65000 0.00000 0.58100 5.61300 95.60000 1.75720 2.00000 188.00000 19.10000 359.29000 27.26000 3
0.88125 0.00000 21.89000 0.00000 0.62400 5.63700 94.70000 1.97990 4.00000 437.00000 21.20000 396.90000 18.34000 3
0.97617 0.00000 21.89000 0.00000 0.62400 5.75700 98.40000 2.34600 4.00000 437.00000 21.20000 262.76000 17.31000 3
0.55778 0.00000 21.89000 0.00000 0.62400 6.33500 98.20000 2.11070 4.00000 437.00000 21.20000 394.67000 16.96000 3
0.32264 0.00000 21.89000 0.00000 0.62400 5.94200 93.50000 1.96690 4.00000 437.00000 21.20000 378.25000 16.90000 3
0.35233 0.00000 21.89000 0.00000 0.62400 6.45400 98.40000 1.84980 4.00000 437.00000 21.20000 394.08000 14.59000 3
0.54452 0.00000 21.89000 0.00000 0.62400 6.15100 97.90000 1.66870 4.00000 437.00000 21.20000 396.90000 18.46000 3
1.62864 0.00000 21.89000 0.00000 0.62400 5.01900 100.00000 1.43940 4.00000 437.00000 21.20000 396.90000 34.41000 3
2.36862 0.00000 19.58000 0.00000 0.87100 4.92600 95.70000 1.46080 5.00000 403.00000 14.70000 391.71000 29.53000 3
2.73397 0.00000 19.58000 0.00000 0.87100 5.59700 94.90000 1.52570 5.00000 403.00000 14.70000 351.85000 21.45000 3
1.12658 0.00000 19.58000 1.00000 0.87100 5.01200 88.00000 1.61020 5.00000 403.00000 14.70000 343.28000 12.12000 3
1.41385 0.00000 19.58000 1.00000 0.87100 6.12900 96.00000 1.74940 5.00000 403.00000 14.70000 321.02000 15.12000 3
3.53501 0.00000 19.58000 1.00000 0.87100 6.15200 82.60000 1.74550 5.00000 403.00000 14.70000 88.01000 15.02000 3
0.20608 22.00000 5.86000 0.00000 0.43100 5.59300 76.50000 7.95490 7.00000 330.00000 19.10000 372.49000 12.50000 3
2.63548 0.00000 9.90000 0.00000 0.54400 4.97300 37.80000 2.51940 4.00000 304.00000 18.40000 350.45000 12.64000 3
0.31827 0.00000 9.90000 0.00000 0.54400 5.91400 83.20000 3.99860 4.00000 304.00000 18.40000 390.70000 18.33000 3
0.28392 0.00000 7.38000 0.00000 0.49300 5.70800 74.30000 4.72110 5.00000 287.00000 19.60000 391.13000 11.74000 3
0.03041 0.00000 5.19000 0.00000 0.51500 5.89500 59.60000 5.61500 5.00000 224.00000 20.20000 394.81000 10.56000 3
0.02498 0.00000 1.89000 0.00000 0.51800 6.54000 59.70000 6.26690 1.00000 422.00000 15.90000 389.96000 8.65000 3
0.06162 0.00000 4.39000 0.00000 0.44200 5.89800 52.30000 8.01360 3.00000 352.00000 18.80000 364.61000 12.67000 3
8.98296 0.00000 18.10000 1.00000 0.77000 6.21200 97.40000 2.12220 24.00000 666.00000 20.20000 377.73000 17.60000 3
19.60910 0.00000 18.10000 0.00000 0.67100 7.31300 97.90000 1.31630 24.00000 666.00000 20.20000 396.90000 13.44000 3
51.13580 0.00000 18.10000 0.00000 0.59700 5.75700 100.00000 1.41300 24.00000 666.00000 20.20000 2.60000 10.11000 3
14.05070 0.00000 18.10000 0.00000 0.59700 6.65700 100.00000 1.52750 24.00000 666.00000 20.20000 35.05000 21.22000 3
18.81100 0.00000 18.10000 0.00000 0.59700 4.62800 100.00000 1.55390 24.00000 666.00000 20.20000 28.79000 34.37000 3
28.65580 0.00000 18.10000 0.00000 0.59700 5.15500 100.00000 1.58940 24.00000 666.00000 20.20000 210.97000 20.08000 3
7.02259 0.00000 18.10000 0.00000 0.71800 6.00600 95.30000 1.87460 24.00000 666.00000 20.20000 319.98000 15.70000 3
8.49213 0.00000 18.10000 0.00000 0.58400 6.34800 86.10000 2.05270 24.00000 666.00000 20.20000 83.45000 17.64000 3
5.66637 0.00000 18.10000 0.00000 0.74000 6.21900 100.00000 2.00480 24.00000 666.00000 20.20000 395.69000 16.59000 3
9.32909 0.00000 18.10000 0.00000 0.71300 6.18500 98.70000 2.26160 24.00000 666.00000 20.20000 396.90000 18.13000 3
8.24809 0.00000 18.10000 0.00000 0.71300 7.39300 99.30000 2.45270 24.00000 666.00000 20.20000 375.87000 16.74000 3
9.51363 0.00000 18.10000 0.00000 0.71300 6.72800 94.10000 2.49610 24.00000 666.00000 20.20000 6.68000 18.71000 3
4.75237 0.00000 18.10000 0.00000 0.71300 6.52500 86.50000 2.43580 24.00000 666.00000 20.20000 50.92000 18.13000 3
4.81213 0.00000 18.10000 0.00000 0.71300 6.70100 90.00000 2.59750 24.00000 666.00000 20.20000 255.23000 16.42000 3
4.87141 0.00000 18.10000 0.00000 0.61400 6.48400 93.60000 2.30530 24.00000 666.00000 20.20000 396.21000 18.68000 3
10.23300 0.00000 18.10000 0.00000 0.61400 6.18500 96.70000 2.17050 24.00000 666.00000 20.20000 379.70000 18.03000 3
0.15086 0.00000 27.74000 0.00000 0.60900 5.45400 92.70000 1.82090 4.00000 711.00000 20.10000 395.09000 18.06000 3
0.26838 0.00000 9.69000 0.00000 0.58500 5.79400 70.60000 2.89270 6.00000 391.00000 19.20000 396.90000 14.10000 3
0.22438 0.00000 9.69000 0.00000 0.58500 6.02700 79.70000 2.49820 6.00000 391.00000 19.20000 396.90000 14.33000 3
0.02731 0.00000 7.07000 0.00000 0.46900 6.42100 78.90000 4.96710 2.00000 242.00000 17.80000 396.90000 9.14000 4
0.08829 12.50000 7.87000 0.00000 0.52400 6.01200 66.60000 5.56050 5.00000 311.00000 15.20000 395.60000 12.43000 4
0.17004 12.50000 7.87000 0.00000 0.52400 6.00400 85.90000 6.59210 5.00000 311.00000 15.20000 386.71000 17.10000 4
0.09378 12.50000 7.87000 0.00000 0.52400 5.88900 39.00000 5.45090 5.00000 311.00000 15.20000 390.50000 15.71000 4
0.62976 0.00000 8.14000 0.00000 0.53800 5.94900 61.80000 4.70750 4.00000 307.00000 21.00000 396.90000 8.26000 4
0.62739 0.00000 8.14000 0.00000 0.53800 5.83400 56.50000 4.49860 4.00000 307.00000 21.00000 395.62000 8.47000 4
0.80271 0.00000 8.14000 0.00000 0.53800 5.45600 36.60000 3.79650 4.00000 307.00000 21.00000 288.99000 11.69000 4
0.09744 0.00000 5.96000 0.00000 0.49900 5.84100 61.40000 3.37790 5.00000 279.00000 19.20000 377.56000 11.41000 4
0.08014 0.00000 5.96000 0.00000 0.49900 5.85000 41.50000 3.93420 5.00000 279.00000 19.20000 396.90000 8.77000 4
0.12269 0.00000 6.91000 0.00000 0.44800 6.06900 40.00000 5.72090 3.00000 233.00000 17.90000 389.39000 9.55000 4
0.18836 0.00000 6.91000 0.00000 0.44800 5.78600 33.30000 5.10040 3.00000 233.00000 17.90000 396.90000 14.15000 4
0.21977 0.00000 6.91000 0.00000 0.44800 5.60200 62.00000 6.08770 3.00000 233.00000 17.90000 396.90000 16.20000 4
0.08873 21.00000 5.64000 0.00000 0.43900 5.96300 45.70000 6.81470 4.00000 243.00000 16.80000 395.56000 13.45000 4
0.04337 21.00000 5.64000 0.00000 0.43900 6.11500 63.00000 6.81470 4.00000 243.00000 16.80000 393.97000 9.43000 4
0.01360 75.00000 4.00000 0.00000 0.41000 5.88800 47.60000 7.31970 3.00000 469.00000 21.10000 396.90000 14.80000 4
0.10328 25.00000 5.13000 0.00000 0.45300 5.92700 47.20000 6.93200 8.00000 284.00000 19.70000 396.90000 9.22000 4
0.14932 25.00000 5.13000 0.00000 0.45300 5.74100 66.20000 7.22540 8.00000 284.00000 19.70000 395.11000 13.15000 4
0.09512 0.00000 12.83000 0.00000 0.43700 6.28600 45.00000 4.50260 5.00000 398.00000 18.70000 383.23000 8.94000 4
0.08707 0.00000 12.83000 0.00000 0.43700 6.14000 45.80000 4.09050 5.00000 398.00000 18.70000 386.96000 10.27000 4
0.05188 0.00000 4.49000 0.00000 0.44900 6.01500 45.10000 4.42720 3.00000 247.00000 18.50000 395.99000 12.86000 4
0.07151 0.00000 4.49000 0.00000 0.44900 6.12100 56.80000 3.74760 3.00000 247.00000 18.50000 395.15000 8.44000 4
0.04684 0.00000 3.41000 0.00000 0.48900 6.41700 66.10000 3.09230 2.00000 270.00000 17.80000 392.18000 8.81000 4
0.04203 28.00000 15.04000 0.00000 0.46400 6.44200 53.60000 3.66590 4.00000 270.00000 18.20000 395.01000 8.16000 4
0.04294 28.00000 15.04000 0.00000 0.46400 6.24900 77.30000 3.61500 4.00000 270.00000 18.20000 396.90000 10.59000 4
0.11504 0.00000 2.89000 0.00000 0.44500 6.16300 69.60000 3.49520 2.00000 276.00000 18.00000 391.83000 11.34000 4
0.22876 0.00000 8.56000 0.00000 0.52000 6.40500 85.40000 2.71470 5.00000 384.00000 20.90000 70.80000 10.63000 4
0.21161 0.00000 8.56000 0.00000 0.52000 6.13700 87.40000 2.71470 5.00000 384.00000 20.90000 394.47000 13.44000 4
0.12329 0.00000 10.01000 0.00000 0.54700 5.91300 92.90000 2.35340 6.00000 432.00000 17.80000 394.95000 16.21000 4
0.22212 0.00000 10.01000 0.00000 0.54700 6.09200 95.40000 2.54800 6.00000 432.00000 17.80000 396.90000 17.09000 4
0.13158 0.00000 10.01000 0.00000 0.54700 6.17600 72.50000 2.73010 6.00000 432.00000 17.80000 393.30000 12.04000 4
0.14476 0.00000 10.01000 0.00000 0.54700 5.73100 65.20000 2.75920 6.00000 432.00000 17.80000 391.50000 13.61000 4
0.06899 0.00000 25.65000 0.00000 0.58100 5.87000 69.70000 2.25770 2.00000 188.00000 19.10000 389.15000 14.37000 4
0.09849 0.00000 25.65000 0.00000 0.58100 5.87900 95.80000 2.00630 2.00000 188.00000 19.10000 379.38000 17.58000 4
0.16902 0.00000 25.65000 0.00000 0.58100 5.98600 88.40000 1.99290 2.00000 188.00000 19.10000 385.02000 14.81000 4
1.19294 0.00000 21.89000 0.00000 0.62400 6.32600 97.70000 2.27100 4.00000 437.00000 21.20000 396.90000 12.26000 4
0.59005 0.00000 21.89000 0.00000 0.62400 6.37200 97.90000 2.32740 4.00000 437.00000 21.20000 385.76000 11.12000 4
2.14918 0.00000 19.58000 0.00000 0.87100 5.70900 98.50000 1.62320 5.00000 403.00000 14.70000 261.95000 15.79000 4
2.24236 0.00000 19.58000 0.00000 0.60500 5.85400 91.80000 2.42200 5.00000 403.00000 14.70000 395.11000 11.64000 4
0.08447 0.00000 4.05000 0.00000 0.51000 5.85900 68.70000 2.70190 5.00000 296.00000 16.60000 393.23000 9.64000 4
0.13642 0.00000 10.59000 0.00000 0.48900 5.89100 22.30000 3.94540 4.00000 277.00000 18.60000 396.90000 10.87000 4
0.25199 0.00000 10.59000 0.00000 0.48900 5.78300 72.70000 4.35490 4.00000 277.00000 18.60000 389.43000 18.06000 4
0.43571 0.00000 10.59000 1.00000 0.48900 5.34400 100.00000 3.87500 4.00000 277.00000 18.60000 396.90000 23.09000 4
0.17446 0.00000 10.59000 1.00000 0.48900 5.96000 92.10000 3.87710 4.00000 277.00000 18.60000 393.25000 17.27000 4
0.37578 0.00000 10.59000 1.00000 0.48900 5.40400 88.60000 3.66500 4.00000 277.00000 18.60000 395.24000 23.98000 4
0.11069 0.00000 13.89000 1.00000 0.55000 5.95100 93.80000 2.88930 5.00000 276.00000 16.40000 396.90000 17.92000 4
0.11425 0.00000 13.89000 1.00000 0.55000 6.37300 92.40000 3.36330 5.00000 276.00000 16.40000 393.74000 10.50000 4
0.11329 30.00000 4.93000 0.00000 0.42800 6.89700 54.30000 6.33610 6.00000 300.00000 16.60000 391.25000 11.38000 4
0.10290 30.00000 4.93000 0.00000 0.42800 6.35800 52.90000 7.03550 6.00000 300.00000 16.60000 372.75000 11.22000 4
0.03548 80.00000 3.64000 0.00000 0.39200 5.87600 19.10000 9.22030 1.00000 315.00000 16.40000 395.18000 9.25000 4
0.76162 20.00000 3.97000 0.00000 0.64700 5.56000 62.80000 1.98650 5.00000 264.00000 13.00000 392.40000 10.45000 4
0.29916 20.00000 6.96000 0.00000 0.46400 5.85600 42.10000 4.42900 3.00000 223.00000 18.60000 388.65000 13.00000 4
0.01096 55.00000 2.25000 0.00000 0.38900 6.45300 31.90000 7.30730 1.00000 300.00000 15.30000 394.72000 8.23000 4
0.01965 80.00000 1.76000 0.00000 0.38500 6.23000 31.50000 9.08920 1.00000 241.00000 18.20000 341.60000 12.93000 4
0.04590 52.50000 5.32000 0.00000 0.40500 6.31500 45.60000 7.31720 6.00000 293.00000 16.60000 396.90000 7.60000 4
0.14103 0.00000 13.92000 0.00000 0.43700 5.79000 58.00000 6.32000 4.00000 289.00000 16.00000 396.90000 15.84000 4
0.06466 70.00000 2.24000 0.00000 0.40000 6.34500 20.10000 7.82780 5.00000 358.00000 14.80000 368.24000 4.97000 4
0.49298 0.00000 9.90000 0.00000 0.54400 6.63500 82.50000 3.31750 4.00000 304.00000 18.40000 396.90000 4.54000 4
0.34940 0.00000 9.90000 0.00000 0.54400 5.97200 76.70000 3.10250 4.00000 304.00000 18.40000 396.24000 9.97000 4
0.79041 0.00000 9.90000 0.00000 0.54400 6.12200 52.80000 2.64030 4.00000 304.00000 18.40000 396.90000 5.98000 4
0.26169 0.00000 9.90000 0.00000 0.54400 6.02300 90.40000 2.83400 4.00000 304.00000 18.40000 396.30000 11.72000 4
0.26938 0.00000 9.90000 0.00000 0.54400 6.26600 82.80000 3.26280 4.00000 304.00000 18.40000 393.39000 7.90000 4
0.24522 0.00000 9.90000 0.00000 0.54400 5.78200 71.70000 4.03170 4.00000 304.00000 18.40000 396.90000 15.94000 4
0.24103 0.00000 7.38000 0.00000 0.49300 6.08300 43.70000 5.41590 5.00000 287.00000 19.60000 396.90000 12.79000 4
0.06724 0.00000 3.24000 0.00000 0.46000 6.33300 17.20000 5.21460 4.00000 430.00000 16.90000 375.21000 7.34000 4
0.03466 35.00000 6.06000 0.00000 0.43790 6.03100 23.30000 6.64070 1.00000 304.00000 16.90000 362.25000 7.83000 4
0.03738 0.00000 5.19000 0.00000 0.51500 6.31000 38.50000 6.45840 5.00000 224.00000 20.20000 389.40000 6.75000 4
0.03961 0.00000 5.19000 0.00000 0.51500 6.03700 34.50000 5.98530 5.00000 224.00000 20.20000 396.90000 8.01000 4
0.05497 0.00000 5.19000 0.00000 0.51500 5.98500 45.40000 4.81220 5.00000 224.00000 20.20000 396.90000 9.74000 4
0.06211 40.00000 1.25000 0.00000 0.42900 6.49000 44.40000 8.79210 1.00000 335.00000 19.70000 396.90000 5.98000 4
0.07244 60.00000 1.69000 0.00000 0.41100 5.88400 18.50000 10.71030 4.00000 411.00000 18.30000 392.33000 7.79000 4
0.10659 80.00000 1.91000 0.00000 0.41300 5.93600 19.50000 10.58570 4.00000 334.00000 22.00000 376.04000 5.57000 4
5.20177 0.00000 18.10000 1.00000 0.77000 6.12700 83.40000 2.72270 24.00000 666.00000 20.20000 395.43000 11.48000 4
4.26131 0.00000 18.10000 0.00000 0.77000 6.11200 81.30000 2.50910 24.00000 666.00000 20.20000 390.74000 12.67000 4
3.67822 0.00000 18.10000 0.00000 0.77000 5.36200 96.20000 2.10360 24.00000 666.00000 20.20000 380.79000 10.19000 4
6.80117 0.00000 18.10000 0.00000 0.71300 6.08100 84.40000 2.71750 24.00000 666.00000 20.20000 396.90000 14.70000 4
6.65492 0.00000 18.10000 0.00000 0.71300 6.31700 83.00000 2.73440 24.00000 666.00000 20.20000 396.90000 13.99000 4
3.16360 0.00000 18.10000 0.00000 0.65500 5.75900 48.20000 3.06650 24.00000 666.00000 20.20000 334.40000 14.13000 4
3.77498 0.00000 18.10000 0.00000 0.65500 5.95200 84.70000 2.87150 24.00000 666.00000 20.20000 22.01000 17.15000 4
4.42228 0.00000 18.10000 0.00000 0.58400 6.00300 94.50000 2.54030 24.00000 666.00000 20.20000 331.29000 21.32000 4
15.57570 0.00000 18.10000 0.00000 0.58000 5.92600 71.00000 2.90840 24.00000 666.00000 20.20000 368.74000 18.13000 4
13.07510 0.00000 18.10000 0.00000 0.58000 5.71300 56.70000 2.82370 24.00000 666.00000 20.20000 396.90000 14.76000 4
4.34879 0.00000 18.10000 0.00000 0.58000 6.16700 84.00000 3.03340 24.00000 666.00000 20.20000 396.90000 16.29000 4
4.03841 0.00000 18.10000 0.00000 0.53200 6.22900 90.70000 3.09930 24.00000 666.00000 20.20000 395.33000 12.87000 4
14.33370 0.00000 18.10000 0.00000 0.61400 6.22900 88.00000 1.95120 24.00000 666.00000 20.20000 383.32000 13.11000 4
5.82401 0.00000 18.10000 0.00000 0.53200 6.24200 64.70000 3.42420 24.00000 666.00000 20.20000 396.90000 10.74000 4
2.37857 0.00000 18.10000 0.00000 0.58300 5.87100 41.90000 3.72400 24.00000 666.00000 20.20000 370.73000 13.34000 4
5.69175 0.00000 18.10000 0.00000 0.58300 6.11400 79.80000 3.54590 24.00000 666.00000 20.20000 392.68000 14.98000 4
0.11132 0.00000 27.74000 0.00000 0.60900 5.98300 83.50000 2.10990 4.00000 711.00000 20.10000 396.90000 13.35000 4
0.17331 0.00000 9.69000 0.00000 0.58500 5.70700 54.00000 2.38170 6.00000 391.00000 19.20000 396.90000 12.01000 4
0.06263 0.00000 11.93000 0.00000 0.57300 6.59300 69.10000 2.47860 1.00000 273.00000 21.00000 391.99000 9.67000 4
0.04527 0.00000 11.93000 0.00000 0.57300 6.12000 76.70000 2.28750 1.00000 273.00000 21.00000 396.90000 9.08000 4
0.00632 18.00000 2.31000 0.00000 0.53800 6.57500 65.20000 4.09000 1.00000 296.00000 15.30000 396.90000 4.98000 5
0.14455 12.50000 7.87000 0.00000 0.52400 6.17200 96.10000 5.95050 5.00000 311.00000 15.20000 396.90000 19.15000 5
1.05393 0.00000 8.14000 0.00000 0.53800 5.93500 29.30000 4.49860 4.00000 307.00000 21.00000 386.85000 6.58000 5
0.17505 0.00000 5.96000 0.00000 0.49900 5.96600 30.20000 3.84730 5.00000 279.00000 19.20000 393.43000 10.13000 5
0.12744 0.00000 6.91000 0.00000 0.44800 6.77000 2.90000 5.72090 3.00000 233.00000 17.90000 385.41000 4.84000 5
0.14150 0.00000 6.91000 0.00000 0.44800 6.16900 6.60000 5.72090 3.00000 233.00000 17.90000 383.37000 5.81000 5
0.15936 0.00000 6.91000 0.00000 0.44800 6.21100 6.50000 5.72090 3.00000 233.00000 17.90000 394.46000 7.44000 5
0.15445 25.00000 5.13000 0.00000 0.45300 6.14500 29.20000 7.81480 8.00000 284.00000 19.70000 390.68000 6.86000 5
0.12650 25.00000 5.13000 0.00000 0.45300 6.76200 43.40000 7.98090 8.00000 284.00000 19.70000 395.58000 9.50000 5
0.03584 80.00000 3.37000 0.00000 0.39800 6.29000 17.80000 6.61150 4.00000 337.00000 16.10000 396.90000 4.67000 5
0.08826 0.00000 10.81000 0.00000 0.41300 6.41700 6.60000 5.28730 4.00000 305.00000 19.20000 383.73000 6.72000 5
0.19539 0.00000 10.81000 0.00000 0.41300 6.24500 6.20000 5.28730 4.00000 305.00000 19.20000 377.17000 7.54000 5
0.07896 0.00000 12.83000 0.00000 0.43700 6.27300 6.00000 4.25150 5.00000 398.00000 18.70000 394.92000 6.78000 5
0.04462 25.00000 4.86000 0.00000 0.42600 6.61900 70.40000 5.40070 4.00000 281.00000 19.00000 395.63000 7.22000 5
0.03659 25.00000 4.86000 0.00000 0.42600 6.30200 32.20000 5.40070 4.00000 281.00000 19.00000 396.90000 6.72000 5
0.05735 0.00000 4.49000 0.00000 0.44900 6.63000 56.10000 4.43770 3.00000 247.00000 18.50000 392.30000 6.53000 5
0.05660 0.00000 3.41000 0.00000 0.48900 7.00700 86.30000 3.42170 2.00000 270.00000 17.80000 396.90000 5.50000 5
0.11432 0.00000 8.56000 0.00000 0.52000 6.78100 71.30000 2.85610 5.00000 384.00000 20.90000 395.58000 7.67000 5
0.07022 0.00000 4.05000 0.00000 0.51000 6.02000 47.20000 3.55490 5.00000 296.00000 16.60000 393.23000 10.11000 5
0.05425 0.00000 4.05000 0.00000 0.51000 6.31500 73.40000 3.31750 5.00000 296.00000 16.60000 395.60000 6.29000 5
0.08308 0.00000 2.46000 0.00000 0.48800 5.60400 89.80000 2.98790 3.00000 193.00000 17.80000 391.00000 13.98000 5
0.03445 82.50000 2.03000 0.00000 0.41500 6.16200 38.40000 6.27000 2.00000 348.00000 14.70000 393.77000 7.43000 5
0.13587 0.00000 10.59000 1.00000 0.48900 6.06400 59.10000 4.23920 4.00000 277.00000 18.60000 381.32000 14.66000 5
0.19802 0.00000 10.59000 0.00000 0.48900 6.18200 42.40000 3.94540 4.00000 277.00000 18.60000 393.63000 9.47000 5
0.04560 0.00000 13.89000 1.00000 0.55000 5.88800 56.00000 3.11210 5.00000 276.00000 16.40000 392.80000 13.51000 5
0.35809 0.00000 6.20000 1.00000 0.50700 6.95100 88.50000 2.86170 8.00000 307.00000 17.40000 391.70000 9.71000 5
0.33045 0.00000 6.20000 0.00000 0.50700 6.08600 61.50000 3.65190 8.00000 307.00000 17.40000 376.75000 10.88000 5
0.08244 30.00000 4.93000 0.00000 0.42800 6.48100 18.50000 6.18990 6.00000 300.00000 16.60000 379.41000 6.36000 5
0.12757 30.00000 4.93000 0.00000 0.42800 6.39300 7.80000 7.03550 6.00000 300.00000 16.60000 374.71000 5.19000 5
0.16439 22.00000 5.86000 0.00000 0.43100 6.43300 49.10000 7.82650 7.00000 330.00000 19.10000 374.71000 9.52000 5
0.14030 22.00000 5.86000 0.00000 0.43100 6.48700 13.00000 7.39670 7.00000 330.00000 19.10000 396.28000 5.90000 5
0.21409 22.00000 5.86000 0.00000 0.43100 6.43800 8.90000 7.39670 7.00000 330.00000 19.10000 377.07000 3.59000 5
0.04297 52.50000 5.32000 0.00000 0.40500 6.56500 22.90000 7.31720 6.00000 293.00000 16.60000 371.72000 9.51000 5
0.08265 0.00000 13.92000 0.00000 0.43700 6.12700 18.40000 5.50270 4.00000 289.00000 16.00000 396.90000 8.58000 5
0.36920 0.00000 9.90000 0.00000 0.54400 6.56700 87.30000 3.60230 4.00000 304.00000 18.40000 395.69000 9.28000 5
0.40202 0.00000 9.90000 0.00000 0.54400 6.38200 67.20000 3.53250 4.00000 304.00000 18.40000 395.21000 10.36000 5
0.16760 0.00000 7.38000 0.00000 0.49300 6.42600 52.30000 4.54040 5.00000 287.00000 19.60000 396.90000 7.20000 5
0.18159 0.00000 7.38000 0.00000 0.49300 6.37600 54.30000 4.54040 5.00000 287.00000 19.60000 396.90000 6.87000 5
0.34109 0.00000 7.38000 0.00000 0.49300 6.41500 40.10000 4.72110 5.00000 287.00000 19.60000 396.90000 6.12000 5
0.19186 0.00000 7.38000 0.00000 0.49300 6.43100 14.70000 5.41590 5.00000 287.00000 19.60000 393.68000 5.08000 5
0.02543 55.00000 3.78000 0.00000 0.48400 6.69600 56.40000 5.73210 5.00000 370.00000 17.60000 396.90000 7.18000 5
0.01870 85.00000 4.15000 0.00000 0.42900 6.51600 27.70000 8.53530 4.00000 351.00000 17.90000 392.43000 6.36000 5
0.01501 80.00000 2.01000 0.00000 0.43500 6.63500 29.70000 8.34400 4.00000 280.00000 17.00000 390.94000 5.99000 5
4.54192 0.00000 18.10000 0.00000 0.77000 6.39800 88.00000 2.51820 24.00000 666.00000 20.20000 374.56000 7.79000 5
13.52220 0.00000 18.10000 0.00000 0.63100 3.86300 100.00000 1.51060 24.00000 666.00000 20.20000 131.42000 13.33000 5
14.43830 0.00000 18.10000 0.00000 0.59700 6.85200 100.00000 1.46550 24.00000 666.00000 20.20000 179.36000 19.78000 5
5.70818 0.00000 18.10000 0.00000 0.53200 6.75000 74.90000 3.33170 24.00000 666.00000 20.20000 393.07000 7.74000 5
5.73116 0.00000 18.10000 0.00000 0.53200 7.06100 77.00000 3.41060 24.00000 666.00000 20.20000 395.28000 7.01000 5
0.27957 0.00000 9.69000 0.00000 0.58500 5.92600 42.60000 2.38170 6.00000 391.00000 19.20000 396.90000 13.59000 5
0.02763 75.00000 2.95000 0.00000 0.42800 6.59500 21.80000 5.40110 3.00000 252.00000 18.30000 395.63000 4.32000 6
0.04113 25.00000 4.86000 0.00000 0.42600 6.72700 33.50000 5.40070 4.00000 281.00000 19.00000 396.90000 5.29000 6
0.05302 0.00000 3.41000 0.00000 0.48900 7.07900 63.10000 3.41450 2.00000 270.00000 17.80000 396.06000 5.70000 6
0.12204 0.00000 2.89000 0.00000 0.44500 6.62500 57.80000 3.49520 2.00000 276.00000 18.00000 357.98000 6.65000 6
0.06664 0.00000 4.05000 0.00000 0.51000 6.54600 33.10000 3.13230 5.00000 296.00000 16.60000 390.96000 5.33000 6
0.06642 0.00000 4.05000 0.00000 0.51000 6.86000 74.40000 2.91530 5.00000 296.00000 16.60000 391.27000 6.92000 6
0.12579 45.00000 3.44000 0.00000 0.43700 6.55600 29.10000 4.56670 5.00000 398.00000 15.20000 382.84000 4.56000 6
0.01439 60.00000 2.93000 0.00000 0.40100 6.60400 18.80000 6.21960 1.00000 265.00000 15.60000 376.70000 4.38000 6
0.14052 0.00000 10.59000 0.00000 0.48900 6.37500 32.30000 3.94540 4.00000 277.00000 18.60000 385.81000 9.38000 6
0.41238 0.00000 6.20000 0.00000 0.50400 7.16300 79.90000 3.21570 8.00000 307.00000 17.40000 372.08000 6.36000 6
0.44178 0.00000 6.20000 0.00000 0.50400 6.55200 21.40000 3.37510 8.00000 307.00000 17.40000 380.34000 3.76000 6
0.44791 0.00000 6.20000 1.00000 0.50700 6.72600 66.50000 3.65190 8.00000 307.00000 17.40000 360.20000 8.05000 6
0.08221 22.00000 5.86000 0.00000 0.43100 6.95700 6.80000 8.90670 7.00000 330.00000 19.10000 386.09000 3.53000 6
0.82526 20.00000 3.97000 0.00000 0.64700 7.32700 94.50000 2.07880 5.00000 264.00000 13.00000 393.42000 11.25000 6
0.09604 40.00000 6.41000 0.00000 0.44700 6.85400 42.80000 4.26730 4.00000 254.00000 17.60000 396.90000 2.98000 6
0.07978 40.00000 6.41000 0.00000 0.44700 6.48200 32.10000 4.14030 4.00000 254.00000 17.60000 396.90000 7.19000 6
0.03615 80.00000 4.95000 0.00000 0.41100 6.63000 23.40000 5.11670 4.00000 245.00000 19.20000 396.90000 4.70000 6
0.12932 0.00000 13.92000 0.00000 0.43700 6.67800 31.10000 5.96040 4.00000 289.00000 16.00000 396.90000 6.27000 6
0.05479 33.00000 2.18000 0.00000 0.47200 6.61600 58.10000 3.37000 7.00000 222.00000 18.40000 393.36000 8.93000 6
0.03049 55.00000 3.78000 0.00000 0.48400 6.87400 28.10000 6.46540 5.00000 370.00000 17.60000 387.97000 4.61000 6
0.01709 90.00000 2.02000 0.00000 0.41000 6.72800 36.10000 12.12650 5.00000 187.00000 17.00000 384.46000 4.50000 6
11.95110 0.00000 18.10000 0.00000 0.65900 5.60800 100.00000 1.28520 24.00000 666.00000 20.20000 332.09000 12.13000 6
4.64689 0.00000 18.10000 0.00000 0.61400 6.98000 67.60000 2.53290 24.00000 666.00000 20.20000 374.68000 11.66000 6
0.03237 0.00000 2.18000 0.00000 0.45800 6.99800 45.80000 6.06220 3.00000 222.00000 18.70000 394.63000 2.94000 7
0.06905 0.00000 2.18000 0.00000 0.45800 7.14700 54.20000 6.06220 3.00000 222.00000 18.70000 396.90000 5.33000 7
0.01311 90.00000 1.22000 0.00000 0.40300 7.24900 21.90000 8.69660 5.00000 226.00000 17.90000 395.93000 4.81000 7
0.01951 17.50000 1.38000 0.00000 0.41610 7.10400 59.50000 9.22290 3.00000 216.00000 18.60000 393.24000 8.05000 7
0.06860 0.00000 2.89000 0.00000 0.44500 7.41600 62.50000 3.49520 2.00000 276.00000 18.00000 396.90000 6.19000 7
0.06888 0.00000 2.46000 0.00000 0.48800 6.14400 62.20000 2.59790 3.00000 193.00000 17.80000 396.90000 9.45000 7
0.10008 0.00000 2.46000 0.00000 0.48800 6.56300 95.60000 2.84700 3.00000 193.00000 17.80000 396.90000 5.68000 7
0.08664 45.00000 3.44000 0.00000 0.43700 7.17800 26.30000 6.47980 5.00000 398.00000 15.20000 390.49000 2.87000 7
0.03150 95.00000 1.47000 0.00000 0.40300 6.97500 15.30000 7.65340 3.00000 402.00000 17.00000 396.90000 4.56000 7
0.01778 95.00000 1.47000 0.00000 0.40300 7.13500 13.90000 7.65340 3.00000 402.00000 17.00000 384.30000 4.45000 7
0.66351 20.00000 3.97000 0.00000 0.64700 7.33300 100.00000 1.89460 5.00000 264.00000 13.00000 383.29000 7.79000 7
0.55007 20.00000 3.97000 0.00000 0.64700 7.20600 91.60000 1.93010 5.00000 264.00000 13.00000 387.89000 8.10000 7
0.22188 20.00000 6.96000 1.00000 0.46400 7.69100 51.80000 4.36650 3.00000 223.00000 18.60000 390.77000 6.58000 7
0.05644 40.00000 6.41000 1.00000 0.44700 6.75800 32.90000 4.07760 4.00000 254.00000 17.60000 396.90000 3.53000 7
0.10469 40.00000 6.41000 1.00000 0.44700 7.26700 49.00000 4.78720 4.00000 254.00000 17.60000 389.25000 6.05000 7
0.21038 20.00000 3.33000 0.00000 0.44290 6.81200 32.20000 4.10070 5.00000 216.00000 14.90000 396.90000 4.85000 7
0.10000 34.00000 6.09000 0.00000 0.43300 6.98200 17.70000 5.49170 7.00000 329.00000 16.10000 390.43000 4.86000 7
0.05515 33.00000 2.18000 0.00000 0.47200 7.23600 41.10000 4.02200 7.00000 222.00000 18.40000 393.68000 6.93000 7
0.05780 0.00000 2.46000 0.00000 0.48800 6.98000 58.40000 2.82900 3.00000 193.00000 17.80000 396.90000 5.04000 8
0.06588 0.00000 2.46000 0.00000 0.48800 7.76500 83.30000 2.74100 3.00000 193.00000 17.80000 395.56000 7.56000 8
0.09068 45.00000 3.44000 0.00000 0.43700 6.95100 21.50000 6.47980 5.00000 398.00000 15.20000 377.68000 5.10000 8
0.38214 0.00000 6.20000 0.00000 0.50400 8.04000 86.50000 3.21570 8.00000 307.00000 17.40000 387.38000 3.13000 8
0.07886 80.00000 4.95000 0.00000 0.41100 7.14800 27.70000 5.11670 4.00000 245.00000 19.20000 396.90000 3.56000 8
0.08187 0.00000 2.89000 0.00000 0.44500 7.82000 36.90000 3.49520 2.00000 276.00000 18.00000 393.53000 3.57000 9
1.22358 0.00000 19.58000 0.00000 0.60500 6.94300 97.40000 1.87730 5.00000 403.00000 14.70000 363.43000 4.59000 9
0.01538 90.00000 3.75000 0.00000 0.39400 7.45400 34.20000 6.33610 3.00000 244.00000 15.90000 386.34000 3.11000 9
0.53412 20.00000 3.97000 0.00000 0.64700 7.52000 89.40000 2.13980 5.00000 264.00000 13.00000 388.37000 7.26000 9
0.54050 20.00000 3.97000 0.00000 0.57500 7.47000 52.60000 2.87200 5.00000 264.00000 13.00000 390.30000 3.16000 9
0.03578 20.00000 3.33000 0.00000 0.44290 7.82000 64.50000 4.69470 5.00000 216.00000 14.90000 387.31000 3.76000 9
1.46336 0.00000 19.58000 0.00000 0.60500 7.48900 90.80000 1.97090 5.00000 403.00000 14.70000 374.43000 1.73000 10
2.01019 0.00000 19.58000 0.00000 0.60500 7.92900 96.20000 2.04590 5.00000 403.00000 14.70000 369.30000 3.70000 10
0.05602 0.00000 2.46000 0.00000 0.48800 7.83100 53.60000 3.19920 3.00000 193.00000 17.80000 392.63000 4.45000 10
0.01381 80.00000 0.46000 0.00000 0.42200 7.87500 32.00000 5.64840 4.00000 255.00000 14.40000 394.23000 2.97000 10
0.03510 95.00000 2.68000 0.00000 0.41610 7.85300 33.20000 5.11800 4.00000 224.00000 14.70000 392.78000 3.81000 10
0.02009 95.00000 2.68000 0.00000 0.41610 8.03400 31.90000 5.11800 4.00000 224.00000 14.70000 390.55000 2.88000 10
0.61154 20.00000 3.97000 0.00000 0.64700 8.70400 86.90000 1.80100 5.00000 264.00000 13.00000 389.70000 5.12000 10
0.57834 20.00000 3.97000 0.00000 0.57500 8.29700 67.00000 2.42160 5.00000 264.00000 13.00000 384.54000 7.44000 10
0.06129 20.00000 3.33000 1.00000 0.44290 7.64500 49.70000 5.21190 5.00000 216.00000 14.90000 377.07000 3.01000 10
4.89822 0.00000 18.10000 0.00000 0.63100 4.97000 100.00000 1.33250 24.00000 666.00000 20.20000 375.52000 3.26000 10
5.66998 0.00000 18.10000 1.00000 0.63100 6.68300 96.80000 1.35670 24.00000 666.00000 20.20000 375.33000 3.73000 10
6.53876 0.00000 18.10000 1.00000 0.63100 7.01600 97.50000 1.20240 24.00000 666.00000 20.20000 392.05000 2.96000 10
8.26725 0.00000 18.10000 1.00000 0.66800 5.87500 89.60000 1.12960 24.00000 666.00000 20.20000 347.88000 8.88000 10
