20.08490 0.00000 18.10000 0.00000 0.70000 4.36800 91.20000 1.43950 24.00000 666.00000 20.20000 285.83000 30.63000 1
22.59710 0.00000 18.10000 0.00000 0.70000 5.00000 89.50000 1.51840 24.00000 666.00000 20.20000 396.90000 31.99000 1
7.67202 0.00000 18.10000 0.00000 0.69300 5.74700 98.90000 1.63340 24.00000 666.00000 20.20000 393.10000 19.92000 1
38.35180 0.00000 18.10000 0.00000 0.69300 5.45300 100.00000 1.48960 24.00000 666.00000 20.20000 396.90000 30.59000 1
9.91655 0.00000 18.10000 0.00000 0.69300 5.85200 77.80000 1.50040 24.00000 666.00000 20.20000 338.16000 29.97000 1
14.23620 0.00000 18.10000 0.00000 0.69300 6.34300 100.00000 1.57410 24.00000 666.00000 20.20000 396.90000 20.32000 1
41.52920 0.00000 18.10000 0.00000 0.69300 5.53100 85.40000 1.60740 24.00000 666.00000 20.20000 329.46000 27.38000 1
45.74610 0.00000 18.10000 0.00000 0.69300 4.51900 100.00000 1.65820 24.00000 666.00000 20.20000 88.27000 36.98000 1
73.53410 0.00000 18.10000 0.00000 0.67900 5.95700 100.00000 1.80260 24.00000 666.00000 20.20000 16.45000 20.62000 1
11.81230 0.00000 18.10000 0.00000 0.71800 6.82400 76.50000 1.79400 24.00000 666.00000 20.20000 48.45000 22.74000 1
15.86030 0.00000 18.10000 0.00000 0.67900 5.89600 95.40000 1.90960 24.00000 666.00000 20.20000 7.68000 24.39000 1
9.33889 0.00000 18.10000 0.00000 0.67900 6.38000 95.60000 1.96820 24.00000 666.00000 20.20000 60.72000 24.08000 1
0.20746 0.00000 27.74000 0.00000 0.60900 5.09300 98.00000 1.82260 4.00000 711.00000 20.10000 318.43000 29.68000 1
1.25179 0.00000 8.14000 0.00000 0.53800 5.57000 98.10000 3.79790 4.00000 307.00000 21.00000 376.57000 21.02000 2
0.84054 0.00000 8.14000 0.00000 0.53800 5.59900 85.70000 4.45460 4.00000 307.00000 21.00000 303.42000 16.51000 2
1.15172 0.00000 8.14000 0.00000 0.53800 5.70100 95.00000 3.78720 4.00000 307.00000 21.00000 358.77000 18.35000 2
1.61282 0.00000 8.14000 0.00000 0.53800 6.09600 96.90000 3.75980 4.00000 307.00000 21.00000 248.31000 20.34000 2
0.29090 0.00000 21.89000 0.00000 0.62400 6.17400 93.60000 1.61190 4.00000 437.00000 21.20000 388.08000 24.16000 2
3.32105 0.00000 19.58000 1.00000 0.87100 5.40300 100.00000 1.32160 5.00000 403.00000 14.70000 396.90000 26.82000 2
2.77974 0.00000 19.58000 0.00000 0.87100 4.90300 97.80000 1.34590 5.00000 403.00000 14.70000 396.90000 29.29000 2
2.44668 0.00000 19.58000 0.00000 0.87100 5.27200 94.00000 1.73640 5.00000 403.00000 14.70000 88.63000 16.14000 2
18.49820 0.00000 18.10000 0.00000 0.66800 4.13800 100.00000 1.13700 24.00000 666.00000 20.20000 396.90000 37.97000 2
9.82349 0.00000 18.10000 0.00000 0.67100 6.79400 98.80000 1.35800 24.00000 666.00000 20.20000 396.90000 21.24000 2
15.87440 0.00000 18.10000 0.00000 0.67100 6.54500 99.10000 1.51920 24.00000 666.00000 20.20000 396.90000 21.08000 2
24.39380 0.00000 18.10000 0.00000 0.70000 4.65200 100.00000 1.46720 24.00000 666.00000 20.20000 396.90000 28.28000 2
14.33370 0.00000 18.10000 0.00000 0.70000 4.88000 100.00000 1.58950 24.00000 666.00000 20.20000 372.92000 30.62000 2
8.15174 0.00000 18.10000 0.00000 0.70000 5.39000 98.90000 1.72810 24.00000 666.00000 20.20000 396.90000 20.85000 2
8.64476 0.00000 18.10000 0.00000 0.69300 6.19300 92.60000 1.79120 24.00000 666.00000 20.20000 396.90000 15.17000 2
13.35980 0.00000 18.10000 0.00000 0.69300 5.88700 94.70000 1.78210 24.00000 666.00000 20.20000 396.90000 16.35000 2
20.71620 0.00000 18.10000 0.00000 0.65900 4.13800 100.00000 1.17810 24.00000 666.00000 20.20000 370.22000 23.34000 2
7.05042 0.00000 18.10000 0.00000 0.61400 6.10300 85.10000 2.02180 24.00000 666.00000 20.20000 2.52000 23.29000 2
8.79212 0.00000 18.10000 0.00000 0.58400 5.56500 70.60000 2.06350 24.00000 666.00000 20.20000 3.65000 17.16000 2
12.24720 0.00000 18.10000 0.00000 0.58400 5.83700 59.70000 1.99760 24.00000 666.00000 20.20000 24.65000 15.69000 2
37.66190 0.00000 18.10000 0.00000 0.67900 6.20200 78.70000 1.86290 24.00000 666.00000 20.20000 18.82000 14.52000 2
14.42080 0.00000 18.10000 0.00000 0.74000 6.46100 93.30000 2.00260 24.00000 666.00000 20.20000 27.49000 18.05000 2
9.39063 0.00000 18.10000 0.00000 0.74000 5.62700 93.90000 1.81720 24.00000 666.00000 20.20000 396.90000 22.88000 2
22.05110 0.00000 18.10000 0.00000 0.74000 5.81800 92.40000 1.86620 24.00000 666.00000 20.20000 391.45000 22.11000 2
10.67180 0.00000 18.10000 0.00000 0.74000 6.45900 94.80000 1.98790 24.00000 666.00000 20.20000 43.06000 23.98000 2
9.92485 0.00000 18.10000 0.00000 0.74000 6.25100 96.60000 2.19800 24.00000 666.00000 20.20000 388.52000 16.44000 2
7.52601 0.00000 18.10000 0.00000 0.71300 6.41700 98.30000 2.18500 24.00000 666.00000 20.20000 304.21000 19.31000 2
6.71772 0.00000 18.10000 0.00000 0.71300 6.74900 92.60000 2.32360 24.00000 666.00000 20.20000 0.32000 17.44000 2
4.66883 0.00000 18.10000 0.00000 0.71300 5.97600 87.90000 2.58060 24.00000 666.00000 20.20000 10.48000 19.01000 2
8.20058 0.00000 18.10000 0.00000 0.71300 5.93600 80.30000 2.77920 24.00000 666.00000 20.20000 3.50000 16.94000 2
6.39312 0.00000 18.10000 0.00000 0.58400 6.16200 97.40000 2.20600 24.00000 666.00000 20.20000 302.76000 24.10000 2
15.02340 0.00000 18.10000 0.00000 0.61400 5.30400 97.30000 2.10070 24.00000 666.00000 20.20000 349.48000 24.91000 2
0.21124 12.50000 7.87000 0.00000 0.52400 5.63100 100.00000 6.08210 5.00000 311.00000 15.20000 386.63000 29.93000 3
0.78420 0.00000 8.14000 0.00000 0.53800 5.99000 81.70000 4.25790 4.00000 307.00000 21.00000 386.75000 14.67000 3
0.72580 0.00000 8.14000 0.00000 0.53800 5.72700 69.50000 3.79650 4.00000 307.00000 21.00000 390.95000 11.28000 3
1.23247 0.00000 8.14000 0.00000 0.53800 6.14200 91.70000 3.97690 4.00000 307.00000 21.00000 396.90000 18.72000 3
0.75026 0.00000 8.14000 0.00000 0.53800 5.92400 94.10000 4.39960 4.00000 307.00000 21.00000 394.33000 16.30000 3
0.67191 0.00000 8.14000 0.00000 0.53800 5.81300 90.30000 4.68200 4.00000 307.00000 21.00000 376.88000 14.81000 3
0.77299 0.00000 8.14000 0.00000 0.53800 6.49500 94.40000 4.45470 4.00000 307.00000 21.00000 387.94000 12.80000 3
1.35472 0.00000 8.14000 0.00000 0.53800 6.07200 100.00000 4.17500 4.00000 307.00000 21.00000 376.73000 13.04000 3
0.25387 0.00000 6.91000 0.00000 0.44800 5.39900 95.30000 5.87000 3.00000 233.00000 17.90000 396.90000 30.81000 3
0.17171 25.00000 5.13000 0.00000 0.45300 5.96600 93.40000 6.81850 8.00000 284.00000 19.70000 378.08000 14.44000 3
0.14231 0.00000 10.01000 0.00000 0.54700 6.25400 84.20000 2.25650 6.00000 432.00000 17.80000 388.74000 10.45000 3
0.17134 0.00000 10.01000 0.00000 0.54700 5.92800 88.20000 2.46310 6.00000 432.00000 17.80000 344.91000 15.76000 3
0.38735 0.00000 25.65000 0.00000 0.58100 5.61300 95.60000 1.75720 2.00000 188.00000 19.10000 359.29000 27.26000 3
0.25915 0.00000 21.89000 0.00000 0.62400 5.69300 96.00000 1.78830 4.00000 437.00000 21.20000 392.11000 17.19000 3
0.32982 0.00000 21.89000 0.00000 0.62400 5.82200 95.40000 2.46990 4.00000 437.00000 21.20000 388.69000 15.03000 3
1.62864 0.00000 21.89000 0.00000 0.62400 5.01900 100.00000 1.43940 4.00000 437.00000 21.20000 396.90000 34.41000 3
4.09740 0.00000 19.58000 0.00000 0.87100 5.46800 100.00000 1.41180 5.00000 403.00000 14.70000 396.90000 26.42000 3
2.15505 0.00000 19.58000 0.00000 0.87100 5.62800 100.00000 1.51660 5.00000 403.00000 14.70000 169.27000 16.65000 3
2.33099 0.00000 19.58000 0.00000 0.87100 5.18600 93.80000 1.52960 5.00000 403.00000 14.70000 356.99000 28.32000 3
2.73397 0.00000 19.58000 0.00000 0.87100 5.59700 94.90000 1.52570 5.00000 403.00000 14.70000 351.85000 21.45000 3
1.41385 0.00000 19.58000 1.00000 0.87100 6.12900 96.00000 1.74940 5.00000 403.00000 14.70000 321.02000 15.12000 3
3.53501 0.00000 19.58000 1.00000 0.87100 6.15200 82.60000 1.74550 5.00000 403.00000 14.70000 88.01000 15.02000 3
1.20742 0.00000 19.58000 0.00000 0.60500 5.87500 94.60000 2.42590 5.00000 403.00000 14.70000 292.29000 14.43000 3
0.31827 0.00000 9.90000 0.00000 0.54400 5.91400 83.20000 3.99860 4.00000 304.00000 18.40000 390.70000 18.33000 3
0.28392 0.00000 7.38000 0.00000 0.49300 5.70800 74.30000 4.72110 5.00000 287.00000 19.60000 391.13000 11.74000 3
0.03041 0.00000 5.19000 0.00000 0.51500 5.89500 59.60000 5.61500 5.00000 224.00000 20.20000 394.81000 10.56000 3
0.02498 0.00000 1.89000 0.00000 0.51800 6.54000 59.70000 6.26690 1.00000 422.00000 15.90000 389.96000 8.65000 3
0.06162 0.00000 4.39000 0.00000 0.44200 5.89800 52.30000 8.01360 3.00000 352.00000 18.80000 364.61000 12.67000 3
19.60910 0.00000 18.10000 0.00000 0.67100 7.31300 97.90000 1.31630 24.00000 666.00000 20.20000 396.90000 13.44000 3
7.40389 0.00000 18.10000 0.00000 0.59700 5.61700 97.90000 1.45470 24.00000 666.00000 20.20000 314.64000 26.40000 3
14.05070 0.00000 18.10000 0.00000 0.59700 6.65700 100.00000 1.52750 24.00000 666.00000 20.20000 35.05000 21.22000 3
7.02259 0.00000 18.10000 0.00000 0.71800 6.00600 95.30000 1.87460 24.00000 666.00000 20.20000 319.98000 15.70000 3
8.49213 0.00000 18.10000 0.00000 0.58400 6.34800 86.10000 2.05270 24.00000 666.00000 20.20000 83.45000 17.64000 3
10.06230 0.00000 18.10000 0.00000 0.58400 6.83300 94.30000 2.08820 24.00000 666.00000 20.20000 81.33000 19.69000 3
6.44405 0.00000 18.10000 0.00000 0.58400 6.42500 74.80000 2.20040 24.00000 666.00000 20.20000 97.95000 12.03000 3
5.58107 0.00000 18.10000 0.00000 0.71300 6.43600 87.90000 2.31580 24.00000 666.00000 20.20000 100.19000 16.22000 3
9.72418 0.00000 18.10000 0.00000 0.74000 6.40600 97.20000 2.06510 24.00000 666.00000 20.20000 385.96000 19.52000 3
5.66637 0.00000 18.10000 0.00000 0.74000 6.21900 100.00000 2.00480 24.00000 666.00000 20.20000 395.69000 16.59000 3
9.96654 0.00000 18.10000 0.00000 0.74000 6.48500 100.00000 1.97840 24.00000 666.00000 20.20000 386.73000 18.85000 3
9.32909 0.00000 18.10000 0.00000 0.71300 6.18500 98.70000 2.26160 24.00000 666.00000 20.20000 396.90000 18.13000 3
5.09017 0.00000 18.10000 0.00000 0.71300 6.29700 91.80000 2.36820 24.00000 666.00000 20.20000 385.09000 17.27000 3
8.24809 0.00000 18.10000 0.00000 0.71300 7.39300 99.30000 2.45270 24.00000 666.00000 20.20000 375.87000 16.74000 3
9.51363 0.00000 18.10000 0.00000 0.71300 6.72800 94.10000 2.49610 24.00000 666.00000 20.20000 6.68000 18.71000 3
4.75237 0.00000 18.10000 0.00000 0.71300 6.52500 86.50000 2.43580 24.00000 666.00000 20.20000 50.92000 18.13000 3
4.81213 0.00000 18.10000 0.00000 0.71300 6.70100 90.00000 2.59750 24.00000 666.00000 20.20000 255.23000 16.42000 3
4.87141 0.00000 18.10000 0.00000 0.61400 6.48400 93.60000 2.30530 24.00000 666.00000 20.20000 396.21000 18.68000 3
10.23300 0.00000 18.10000 0.00000 0.61400 6.18500 96.70000 2.17050 24.00000 666.00000 20.20000 379.70000 18.03000 3
0.26838 0.00000 9.69000 0.00000 0.58500 5.79400 70.60000 2.89270 6.00000 391.00000 19.20000 396.90000 14.10000 3
0.17783 0.00000 9.69000 0.00000 0.58500 5.56900 73.50000 2.39990 6.00000 391.00000 19.20000 395.77000 15.10000 3
0.22438 0.00000 9.69000 0.00000 0.58500 6.02700 79.70000 2.49820 6.00000 391.00000 19.20000 396.90000 14.33000 3
0.02731 0.00000 7.07000 0.00000 0.46900 6.42100 78.90000 4.96710 2.00000 242.00000 17.80000 396.90000 9.14000 4
0.17004 12.50000 7.87000 0.00000 0.52400 6.00400 85.90000 6.59210 5.00000 311.00000 15.20000 386.71000 17.10000 4
0.11747 12.50000 7.87000 0.00000 0.52400 6.00900 82.90000 6.22670 5.00000 311.00000 15.20000 396.90000 13.27000 4
0.09378 12.50000 7.87000 0.00000 0.52400 5.88900 39.00000 5.45090 5.00000 311.00000 15.20000 390.50000 15.71000 4
0.62976 0.00000 8.14000 0.00000 0.53800 5.94900 61.80000 4.70750 4.00000 307.00000 21.00000 396.90000 8.26000 4
0.62739 0.00000 8.14000 0.00000 0.53800 5.83400 56.50000 4.49860 4.00000 307.00000 21.00000 395.62000 8.47000 4
0.85204 0.00000 8.14000 0.00000 0.53800 5.96500 89.20000 4.01230 4.00000 307.00000 21.00000 392.53000 13.83000 4
1.00245 0.00000 8.14000 0.00000 0.53800 6.67400 87.30000 4.23900 4.00000 307.00000 21.00000 380.23000 11.98000 4
0.06417 0.00000 5.96000 0.00000 0.49900 5.93300 68.20000 3.36030 5.00000 279.00000 19.20000 396.90000 9.68000 4
0.09744 0.00000 5.96000 0.00000 0.49900 5.84100 61.40000 3.37790 5.00000 279.00000 19.20000 377.56000 11.41000 4
0.18836 0.00000 6.91000 0.00000 0.44800 5.78600 33.30000 5.10040 3.00000 233.00000 17.90000 396.90000 14.15000 4
0.08873 21.00000 5.64000 0.00000 0.43900 5.96300 45.70000 6.81470 4.00000 243.00000 16.80000 395.56000 13.45000 4
0.01360 75.00000 4.00000 0.00000 0.41000 5.88800 47.60000 7.31970 3.00000 469.00000 21.10000 396.90000 14.80000 4
0.10328 25.00000 5.13000 0.00000 0.45300 5.92700 47.20000 6.93200 8.00000 284.00000 19.70000 396.90000 9.22000 4
0.14932 25.00000 5.13000 0.00000 0.45300 5.74100 66.20000 7.22540 8.00000 284.00000 19.70000 395.11000 13.15000 4
0.11027 25.00000 5.13000 0.00000 0.45300 6.45600 67.80000 7.22550 8.00000 284.00000 19.70000 396.90000 6.73000 4
0.04379 80.00000 3.37000 0.00000 0.39800 5.78700 31.10000 6.61150 4.00000 337.00000 16.10000 396.90000 10.24000 4
0.05789 12.50000 6.07000 0.00000 0.40900 5.87800 21.40000 6.49800 4.00000 345.00000 18.90000 396.21000 8.10000 4
0.15876 0.00000 10.81000 0.00000 0.41300 5.96100 17.50000 5.28730 4.00000 305.00000 19.20000 376.94000 9.88000 4
0.09512 0.00000 12.83000 0.00000 0.43700 6.28600 45.00000 4.50260 5.00000 398.00000 18.70000 383.23000 8.94000 4
0.08707 0.00000 12.83000 0.00000 0.43700 6.14000 45.80000 4.09050 5.00000 398.00000 18.70000 386.96000 10.27000 4
0.05646 0.00000 12.83000 0.00000 0.43700 6.23200 53.70000 5.01410 5.00000 398.00000 18.70000 386.40000 12.34000 4
0.07151 0.00000 4.49000 0.00000 0.44900 6.12100 56.80000 3.74760 3.00000 247.00000 18.50000 395.15000 8.44000 4
0.04684 0.00000 3.41000 0.00000 0.48900 6.41700 66.10000 3.09230 2.00000 270.00000 17.80000 392.18000 8.81000 4
0.04203 28.00000 15.04000 0.00000 0.46400 6.44200 53.60000 3.66590 4.00000 270.00000 18.20000 395.01000 8.16000 4
0.04294 28.00000 15.04000 0.00000 0.46400 6.24900 77.30000 3.61500 4.00000 270.00000 18.20000 396.90000 10.59000 4
0.11504 0.00000 2.89000 0.00000 0.44500 6.16300 69.60000 3.49520 2.00000 276.00000 18.00000 391.83000 11.34000 4
0.21161 0.00000 8.56000 0.00000 0.52000 6.13700 87.40000 2.71470 5.00000 384.00000 20.90000 394.47000 13.44000 4
0.13262 0.00000 8.56000 0.00000 0.52000 5.85100 96.70000 2.10690 5.00000 384.00000 20.90000 394.05000 16.47000 4
0.13117 0.00000 8.56000 0.00000 0.52000 6.12700 85.20000 2.12240 5.00000 384.00000 20.90000 387.69000 14.09000 4
0.26363 0.00000 8.56000 0.00000 0.52000 6.22900 91.20000 2.54510 5.00000 384.00000 20.90000 391.23000 15.55000 4
0.10793 0.00000 8.56000 0.00000 0.52000 6.19500 54.40000 2.77780 5.00000 384.00000 20.90000 393.49000 13.00000 4
0.10084 0.00000 10.01000 0.00000 0.54700 6.71500 81.60000 2.67750 6.00000 432.00000 17.80000 395.59000 10.16000 4
0.12329 0.00000 10.01000 0.00000 0.54700 5.91300 92.90000 2.35340 6.00000 432.00000 17.80000 394.95000 16.21000 4
0.13158 0.00000 10.01000 0.00000 0.54700 6.17600 72.50000 2.73010 6.00000 432.00000 17.80000 393.30000 12.04000 4
0.15098 0.00000 10.01000 0.00000 0.54700 6.02100 82.60000 2.74740 6.00000 432.00000 17.80000 394.51000 10.30000 4
0.14476 0.00000 10.01000 0.00000 0.54700 5.73100 65.20000 2.75920 6.00000 432.00000 17.80000 391.50000 13.61000 4
0.06899 0.00000 25.65000 0.00000 0.58100 5.87000 69.70000 2.25770 2.00000 188.00000 19.10000 389.15000 14.37000 4
0.07165 0.00000 25.65000 0.00000 0.58100 6.00400 84.10000 2.19740 2.00000 188.00000 19.10000 377.67000 14.27000 4
0.09849 0.00000 25.65000 0.00000 0.58100 5.87900 95.80000 2.00630 2.00000 188.00000 19.10000 379.38000 17.58000 4
2.14918 0.00000 19.58000 0.00000 0.87100 5.70900 98.50000 1.62320 5.00000 403.00000 14.70000 261.95000 15.79000 4
0.13642 0.00000 10.59000 0.00000 0.48900 5.89100 22.30000 3.94540 4.00000 277.00000 18.60000 396.90000 10.87000 4
0.43571 0.00000 10.59000 1.00000 0.48900 5.34400 100.00000 3.87500 4.00000 277.00000 18.60000 396.90000 23.09000 4
0.17446 0.00000 10.59000 1.00000 0.48900 5.96000 92.10000 3.87710 4.00000 277.00000 18.60000 393.25000 17.27000 4
0.11329 30.00000 4.93000 0.00000 0.42800 6.89700 54.30000 6.33610 6.00000 300.00000 16.60000 391.25000 11.38000 4
0.10612 30.00000 4.93000 0.00000 0.42800 6.09500 65.10000 6.33610 6.00000 300.00000 16.60000 394.62000 12.40000 4
0.10290 30.00000 4.93000 0.00000 0.42800 6.35800 52.90000 7.03550 6.00000 300.00000 16.60000 372.75000 11.22000 4
0.03548 80.00000 3.64000 0.00000 0.39200 5.87600 19.10000 9.22030 1.00000 315.00000 16.40000 395.18000 9.25000 4
0.01965 80.00000 1.76000 0.00000 0.38500 6.23000 31.50000 9.08920 1.00000 241.00000 18.20000 341.60000 12.93000 4
0.04590 52.50000 5.32000 0.00000 0.40500 6.31500 45.60000 7.31720 6.00000 293.00000 16.60000 396.90000 7.60000 4
0.06466 70.00000 2.24000 0.00000 0.40000 6.34500 20.10000 7.82780 5.00000 358.00000 14.80000 368.24000 4.97000 4
0.03537 34.00000 6.09000 0.00000 0.43300 6.59000 40.40000 5.49170 7.00000 329.00000 16.10000 395.75000 9.50000 4
0.49298 0.00000 9.90000 0.00000 0.54400 6.63500 82.50000 3.31750 4.00000 304.00000 18.40000 396.90000 4.54000 4
0.34940 0.00000 9.90000 0.00000 0.54400 5.97200 76.70000 3.10250 4.00000 304.00000 18.40000 396.24000 9.97000 4
0.79041 0.00000 9.90000 0.00000 0.54400 6.12200 52.80000 2.64030 4.00000 304.00000 18.40000 396.90000 5.98000 4
0.26169 0.00000 9.90000 0.00000 0.54400 6.02300 90.40000 2.83400 4.00000 304.00000 18.40000 396.30000 11.72000 4
0.26938 0.00000 9.90000 0.00000 0.54400 6.26600 82.80000 3.26280 4.00000 304.00000 18.40000 393.39000 7.90000 4
0.24522 0.00000 9.90000 0.00000 0.54400 5.78200 71.70000 4.03170 4.00000 304.00000 18.40000 396.90000 15.94000 4
0.35114 0.00000 7.38000 0.00000 0.49300 6.04100 49.90000 4.72110 5.00000 287.00000 19.60000 396.90000 7.70000 4
0.30347 0.00000 7.38000 0.00000 0.49300 6.31200 28.90000 5.41590 5.00000 287.00000 19.60000 396.90000 6.15000 4
0.06617 0.00000 3.24000 0.00000 0.46000 5.86800 25.80000 5.21460 4.00000 430.00000 16.90000 382.44000 9.97000 4
0.06724 0.00000 3.24000 0.00000 0.46000 6.33300 17.20000 5.21460 4.00000 430.00000 16.90000 375.21000 7.34000 4
0.04544 0.00000 3.24000 0.00000 0.46000 6.14400 32.20000 5.87360 4.00000 430.00000 16.90000 368.57000 9.09000 4
0.03466 35.00000 6.06000 0.00000 0.43790 6.03100 23.30000 6.64070 1.00000 304.00000 16.90000 362.25000 7.83000 4
0.03738 0.00000 5.19000 0.00000 0.51500 6.31000 38.50000 6.45840 5.00000 224.00000 20.20000 389.40000 6.75000 4
0.03961 0.00000 5.19000 0.00000 0.51500 6.03700 34.50000 5.98530 5.00000 224.00000 20.20000 396.90000 8.01000 4
0.03306 0.00000 5.19000 0.00000 0.51500 6.05900 37.30000 4.81220 5.00000 224.00000 20.20000 396.14000 8.51000 4
0.06211 40.00000 1.25000 0.00000 0.42900 6.49000 44.40000 8.79210 1.00000 335.00000 19.70000 396.90000 5.98000 4
0.07244 60.00000 1.69000 0.00000 0.41100 5.88400 18.50000 10.71030 4.00000 411.00000 18.30000 392.33000 7.79000 4
3.84970 0.00000 18.10000 1.00000 0.77000 6.39500 91.00000 2.50520 24.00000 666.00000 20.20000 391.34000 13.27000 4
4.26131 0.00000 18.10000 0.00000 0.77000 6.11200 81.30000 2.50910 24.00000 666.00000 20.20000 390.74000 12.67000 4
3.83684 0.00000 18.10000 0.00000 0.77000 6.25100 91.10000 2.29550 24.00000 666.00000 20.20000 350.65000 14.19000 4
3.67822 0.00000 18.10000 0.00000 0.77000 5.36200 96.20000 2.10360 24.00000 666.00000 20.20000 380.79000 10.19000 4
3.47428 0.00000 18.10000 1.00000 0.71800 8.78000 82.90000 1.90470 24.00000 666.00000 20.20000 354.55000 5.29000 4
3.69695 0.00000 18.10000 0.00000 0.71800 4.96300 91.40000 1.75230 24.00000 666.00000 20.20000 316.03000 14.00000 4
6.65492 0.00000 18.10000 0.00000 0.71300 6.31700 83.00000 2.73440 24.00000 666.00000 20.20000 396.90000 13.99000 4
7.83932 0.00000 18.10000 0.00000 0.65500 6.20900 65.40000 2.96340 24.00000 666.00000 20.20000 396.90000 13.22000 4
3.77498 0.00000 18.10000 0.00000 0.65500 5.95200 84.70000 2.87150 24.00000 666.00000 20.20000 22.01000 17.15000 4
4.42228 0.00000 18.10000 0.00000 0.58400 6.00300 94.50000 2.54030 24.00000 666.00000 20.20000 331.29000 21.32000 4
15.57570 0.00000 18.10000 0.00000 0.58000 5.92600 71.00000 2.90840 24.00000 666.00000 20.20000 368.74000 18.13000 4
13.07510 0.00000 18.10000 0.00000 0.58000 5.71300 56.70000 2.82370 24.00000 666.00000 20.20000 396.90000 14.76000 4
4.34879 0.00000 18.10000 0.00000 0.58000 6.16700 84.00000 3.03340 24.00000 666.00000 20.20000 396.90000 16.29000 4
14.33370 0.00000 18.10000 0.00000 0.61400 6.22900 88.00000 1.95120 24.00000 666.00000 20.20000 383.32000 13.11000 4
2.81838 0.00000 18.10000 0.00000 0.53200 5.76200 40.30000 4.09830 24.00000 666.00000 20.20000 392.92000 10.42000 4
3.67367 0.00000 18.10000 0.00000 0.58300 6.31200 51.90000 3.99170 24.00000 666.00000 20.20000 388.62000 10.58000 4
5.69175 0.00000 18.10000 0.00000 0.58300 6.11400 79.80000 3.54590 24.00000 666.00000 20.20000 392.68000 14.98000 4
0.11132 0.00000 27.74000 0.00000 0.60900 5.98300 83.50000 2.10990 4.00000 711.00000 20.10000 396.90000 13.35000 4
0.17331 0.00000 9.69000 0.00000 0.58500 5.70700 54.00000 2.38170 6.00000 391.00000 19.20000 396.90000 12.01000 4
0.06263 0.00000 11.93000 0.00000 0.57300 6.59300 69.10000 2.47860 1.00000 273.00000 21.00000 391.99000 9.67000 4
0.04527 0.00000 11.93000 0.00000 0.57300 6.12000 76.70000 2.28750 1.00000 273.00000 21.00000 396.90000 9.08000 4
0.10959 0.00000 11.93000 0.00000 0.57300 6.79400 89.30000 2.38890 1.00000 273.00000 21.00000 393.45000 6.48000 4
0.00632 18.00000 2.31000 0.00000 0.53800 6.57500 65.20000 4.09000 1.00000 296.00000 15.30000 396.90000 4.98000 5
0.14455 12.50000 7.87000 0.00000 0.52400 6.17200 96.10000 5.95050 5.00000 311.00000 15.20000 396.90000 19.15000 5
1.05393 0.00000 8.14000 0.00000 0.53800 5.93500 29.30000 4.49860 4.00000 307.00000 21.00000 386.85000 6.58000 5
0.17505 0.00000 5.96000 0.00000 0.49900 5.96600 30.20000 3.84730 5.00000 279.00000 19.20000 393.43000 10.13000 5
0.14150 0.00000 6.91000 0.00000 0.44800 6.16900 6.60000 5.72090 3.00000 233.00000 17.90000 383.37000 5.81000 5
0.05360 21.00000 5.64000 0.00000 0.43900 6.51100 21.10000 6.81470 4.00000 243.00000 16.80000 396.90000 5.28000 5
0.04981 21.00000 5.64000 0.00000 0.43900 5.99800 21.40000 6.81470 4.00000 243.00000 16.80000 396.90000 8.43000 5
0.15445 25.00000 5.13000 0.00000 0.45300 6.14500 29.20000 7.81480 8.00000 284.00000 19.70000 390.68000 6.86000 5
0.08826 0.00000 10.81000 0.00000 0.41300 6.41700 6.60000 5.28730 4.00000 305.00000 19.20000 383.73000 6.72000 5
0.19539 0.00000 10.81000 0.00000 0.41300 6.24500 6.20000 5.28730 4.00000 305.00000 19.20000 377.17000 7.54000 5
0.03659 25.00000 4.86000 0.00000 0.42600 6.30200 32.20000 5.40070 4.00000 281.00000 19.00000 396.90000 6.72000 5
0.05735 0.00000 4.49000 0.00000 0.44900 6.63000 56.10000 4.43770 3.00000 247.00000 18.50000 392.30000 6.53000 5
0.05660 0.00000 3.41000 0.00000 0.48900 7.00700 86.30000 3.42170 2.00000 270.00000 17.80000 396.90000 5.50000 5
0.02875 28.00000 15.04000 0.00000 0.46400 6.21100 28.90000 3.66590 4.00000 270.00000 18.20000 396.33000 6.21000 5
1.34284 0.00000 19.58000 0.00000 0.60500 6.06600 100.00000 1.75730 5.00000 403.00000 14.70000 353.89000 6.43000 5
1.27346 0.00000 19.58000 1.00000 0.60500 6.25000 92.60000 1.79840 5.00000 403.00000 14.70000 338.92000 5.50000 5
1.80028 0.00000 19.58000 0.00000 0.60500 5.87700 79.20000 2.42590 5.00000 403.00000 14.70000 227.61000 12.14000 5
2.30040 0.00000 19.58000 0.00000 0.60500 6.31900 96.10000 2.10000 5.00000 403.00000 14.70000 297.09000 11.10000 5
0.13914 0.00000 4.05000 0.00000 0.51000 5.57200 88.50000 2.59610 5.00000 296.00000 16.60000 396.90000 14.69000 5
0.09178 0.00000 4.05000 0.00000 0.51000 6.41600 84.10000 2.64630 5.00000 296.00000 16.60000 395.50000 9.04000 5
0.05425 0.00000 4.05000 0.00000 0.51000 6.31500 73.40000 3.31750 5.00000 296.00000 16.60000 395.60000 6.29000 5
0.08308 0.00000 2.46000 0.00000 0.48800 5.60400 89.80000 2.98790 3.00000 193.00000 17.80000 391.00000 13.98000 5
0.03445 82.50000 2.03000 0.00000 0.41500 6.16200 38.40000 6.27000 2.00000 348.00000 14.70000 393.77000 7.43000 5
0.22969 0.00000 10.59000 0.00000 0.48900 6.32600 52.50000 4.35490 4.00000 277.00000 18.60000 394.87000 10.97000 5
0.13587 0.00000 10.59000 1.00000 0.48900 6.06400 59.10000 4.23920 4.00000 277.00000 18.60000 381.32000 14.66000 5
0.04560 0.00000 13.89000 1.00000 0.55000 5.88800 56.00000 3.11210 5.00000 276.00000 16.40000 392.80000 13.51000 5
0.52058 0.00000 6.20000 1.00000 0.50700 6.63100 76.50000 4.14800 8.00000 307.00000 17.40000 388.45000 9.54000 5
0.08244 30.00000 4.93000 0.00000 0.42800 6.48100 18.50000 6.18990 6.00000 300.00000 16.60000 379.41000 6.36000 5
0.12757 30.00000 4.93000 0.00000 0.42800 6.39300 7.80000 7.03550 6.00000 300.00000 16.60000 374.71000 5.19000 5
0.33983 22.00000 5.86000 0.00000 0.43100 6.10800 34.90000 8.05550 7.00000 330.00000 19.10000 390.18000 9.16000 5
0.16439 22.00000 5.86000 0.00000 0.43100 6.43300 49.10000 7.82650 7.00000 330.00000 19.10000 374.71000 9.52000 5
0.21409 22.00000 5.86000 0.00000 0.43100 6.43800 8.90000 7.39670 7.00000 330.00000 19.10000 377.07000 3.59000 5
0.03871 52.50000 5.32000 0.00000 0.40500 6.20900 31.30000 7.31720 6.00000 293.00000 16.60000 396.90000 7.14000 5
0.04297 52.50000 5.32000 0.00000 0.40500 6.56500 22.90000 7.31720 6.00000 293.00000 16.60000 371.72000 9.51000 5
0.08265 0.00000 13.92000 0.00000 0.43700 6.12700 18.40000 5.50270 4.00000 289.00000 16.00000 396.90000 8.58000 5
0.04417 70.00000 2.24000 0.00000 0.40000 6.87100 47.40000 7.82780 5.00000 358.00000 14.80000 390.86000 6.07000 5
0.09266 34.00000 6.09000 0.00000 0.43300 6.49500 18.40000 5.49170 7.00000 329.00000 16.10000 383.61000 8.67000 5
0.36920 0.00000 9.90000 0.00000 0.54400 6.56700 87.30000 3.60230 4.00000 304.00000 18.40000 395.69000 9.28000 5
0.18159 0.00000 7.38000 0.00000 0.49300 6.37600 54.30000 4.54040 5.00000 287.00000 19.60000 396.90000 6.87000 5
0.34109 0.00000 7.38000 0.00000 0.49300 6.41500 40.10000 4.72110 5.00000 287.00000 19.60000 396.90000 6.12000 5
0.01501 80.00000 2.01000 0.00000 0.43500 6.63500 29.70000 8.34400 4.00000 280.00000 17.00000 390.94000 5.99000 5
0.02899 40.00000 1.25000 0.00000 0.42900 6.93900 34.50000 8.79210 1.00000 335.00000 19.70000 389.85000 5.89000 5
4.54192 0.00000 18.10000 0.00000 0.77000 6.39800 88.00000 2.51820 24.00000 666.00000 20.20000 374.56000 7.79000 5
4.55587 0.00000 18.10000 0.00000 0.71800 3.56100 87.90000 1.61320 24.00000 666.00000 20.20000 354.70000 7.12000 5
5.29305 0.00000 18.10000 0.00000 0.70000 6.05100 82.50000 2.16780 24.00000 666.00000 20.20000 378.38000 18.76000 5
14.43830 0.00000 18.10000 0.00000 0.59700 6.85200 100.00000 1.46550 24.00000 666.00000 20.20000 179.36000 19.78000 5
3.56868 0.00000 18.10000 0.00000 0.58000 6.43700 75.00000 2.89650 24.00000 666.00000 20.20000 393.37000 14.36000 5
5.70818 0.00000 18.10000 0.00000 0.53200 6.75000 74.90000 3.33170 24.00000 666.00000 20.20000 393.07000 7.74000 5
0.17899 0.00000 9.69000 0.00000 0.58500 5.67000 28.80000 2.79860 6.00000 391.00000 19.20000 393.29000 17.60000 5
0.02763 75.00000 2.95000 0.00000 0.42800 6.59500 21.80000 5.40110 3.00000 252.00000 18.30000 395.63000 4.32000 6
0.01432 100.00000 1.32000 0.00000 0.41100 6.81600 40.50000 8.32480 5.00000 256.00000 15.10000 392.90000 3.95000 6
0.04113 25.00000 4.86000 0.00000 0.42600 6.72700 33.50000 5.40070 4.00000 281.00000 19.00000 396.90000 5.29000 6
0.05302 0.00000 3.41000 0.00000 0.48900 7.07900 63.10000 3.41450 2.00000 270.00000 17.80000 396.06000 5.70000 6
0.12204 0.00000 2.89000 0.00000 0.44500 6.62500 57.80000 3.49520 2.00000 276.00000 18.00000 357.98000 6.65000 6
0.06642 0.00000 4.05000 0.00000 0.51000 6.86000 74.40000 2.91530 5.00000 296.00000 16.60000 391.27000 6.92000 6
0.07875 45.00000 3.44000 0.00000 0.43700 6.78200 41.10000 3.78860 5.00000 398.00000 15.20000 393.87000 6.68000 6
0.12579 45.00000 3.44000 0.00000 0.43700 6.55600 29.10000 4.56670 5.00000 398.00000 15.20000 382.84000 4.56000 6
0.06911 45.00000 3.44000 0.00000 0.43700 6.73900 30.80000 6.47980 5.00000 398.00000 15.20000 389.71000 4.69000 6
0.02187 60.00000 2.93000 0.00000 0.40100 6.80000 9.90000 6.21960 1.00000 265.00000 15.60000 393.37000 5.03000 6
0.14052 0.00000 10.59000 0.00000 0.48900 6.37500 32.30000 3.94540 4.00000 277.00000 18.60000 385.81000 9.38000 6
0.61470 0.00000 6.20000 0.00000 0.50700 6.61800 80.80000 3.27210 8.00000 307.00000 17.40000 396.90000 7.60000 6
0.41238 0.00000 6.20000 0.00000 0.50400 7.16300 79.90000 3.21570 8.00000 307.00000 17.40000 372.08000 6.36000 6
0.44178 0.00000 6.20000 0.00000 0.50400 6.55200 21.40000 3.37510 8.00000 307.00000 17.40000 380.34000 3.76000 6
0.44791 0.00000 6.20000 1.00000 0.50700 6.72600 66.50000 3.65190 8.00000 307.00000 17.40000 360.20000 8.05000 6
0.51183 0.00000 6.20000 0.00000 0.50700 7.35800 71.60000 4.14800 8.00000 307.00000 17.40000 390.07000 4.73000 6
0.08221 22.00000 5.86000 0.00000 0.43100 6.95700 6.80000 8.90670 7.00000 330.00000 19.10000 386.09000 3.53000 6
0.78570 20.00000 3.97000 0.00000 0.64700 7.01400 84.60000 2.13290 5.00000 264.00000 13.00000 384.07000 14.79000 6
0.09604 40.00000 6.41000 0.00000 0.44700 6.85400 42.80000 4.26730 4.00000 254.00000 17.60000 396.90000 2.98000 6
0.07978 40.00000 6.41000 0.00000 0.44700 6.48200 32.10000 4.14030 4.00000 254.00000 17.60000 396.90000 7.19000 6
0.12932 0.00000 13.92000 0.00000 0.43700 6.67800 31.10000 5.96040 4.00000 289.00000 16.00000 396.90000 6.27000 6
0.01709 90.00000 2.02000 0.00000 0.41000 6.72800 36.10000 12.12650 5.00000 187.00000 17.00000 384.46000 4.50000 6
11.95110 0.00000 18.10000 0.00000 0.65900 5.60800 100.00000 1.28520 24.00000 666.00000 20.20000 332.09000 12.13000 6
0.02729 0.00000 7.07000 0.00000 0.46900 7.18500 61.10000 4.96710 2.00000 242.00000 17.80000 392.83000 4.03000 7
0.06905 0.00000 2.18000 0.00000 0.45800 7.14700 54.20000 6.06220 3.00000 222.00000 18.70000 396.90000 5.33000 7
0.03359 75.00000 2.95000 0.00000 0.42800 7.02400 15.80000 5.40110 3.00000 252.00000 18.30000 395.62000 1.98000 7
0.01311 90.00000 1.22000 0.00000 0.40300 7.24900 21.90000 8.69660 5.00000 226.00000 17.90000 395.93000 4.81000 7
0.01951 17.50000 1.38000 0.00000 0.41610 7.10400 59.50000 9.22290 3.00000 216.00000 18.60000 393.24000 8.05000 7
0.06888 0.00000 2.46000 0.00000 0.48800 6.14400 62.20000 2.59790 3.00000 193.00000 17.80000 396.90000 9.45000 7
0.10008 0.00000 2.46000 0.00000 0.48800 6.56300 95.60000 2.84700 3.00000 193.00000 17.80000 396.90000 5.68000 7
0.08370 45.00000 3.44000 0.00000 0.43700 7.18500 38.90000 4.56670 5.00000 398.00000 15.20000 396.90000 5.39000 7
0.03768 80.00000 1.52000 0.00000 0.40400 7.27400 38.30000 7.30900 2.00000 329.00000 12.60000 392.20000 6.62000 7
0.03150 95.00000 1.47000 0.00000 0.40300 6.97500 15.30000 7.65340 3.00000 402.00000 17.00000 396.90000 4.56000 7
0.01778 95.00000 1.47000 0.00000 0.40300 7.13500 13.90000 7.65340 3.00000 402.00000 17.00000 384.30000 4.45000 7
0.66351 20.00000 3.97000 0.00000 0.64700 7.33300 100.00000 1.89460 5.00000 264.00000 13.00000 383.29000 7.79000 7
0.55007 20.00000 3.97000 0.00000 0.64700 7.20600 91.60000 1.93010 5.00000 264.00000 13.00000 387.89000 8.10000 7
0.05644 40.00000 6.41000 1.00000 0.44700 6.75800 32.90000 4.07760 4.00000 254.00000 17.60000 396.90000 3.53000 7
0.10469 40.00000 6.41000 1.00000 0.44700 7.26700 49.00000 4.78720 4.00000 254.00000 17.60000 389.25000 6.05000 7
0.06127 40.00000 6.41000 1.00000 0.44700 6.82600 27.60000 4.86280 4.00000 254.00000 17.60000 393.45000 4.16000 7
0.21038 20.00000 3.33000 0.00000 0.44290 6.81200 32.20000 4.10070 5.00000 216.00000 14.90000 396.90000 4.85000 7
0.07503 33.00000 2.18000 0.00000 0.47200 7.42000 71.90000 3.09920 7.00000 222.00000 18.40000 396.90000 6.47000 7
0.12083 0.00000 2.89000 0.00000 0.44500 8.06900 76.00000 3.49520 2.00000 276.00000 18.00000 396.90000 4.21000 8
0.05780 0.00000 2.46000 0.00000 0.48800 6.98000 58.40000 2.82900 3.00000 193.00000 17.80000 396.90000 5.04000 8
0.09103 0.00000 2.46000 0.00000 0.48800 7.15500 92.20000 2.70060 3.00000 193.00000 17.80000 394.12000 4.82000 8
0.09068 45.00000 3.44000 0.00000 0.43700 6.95100 21.50000 6.47980 5.00000 398.00000 15.20000 377.68000 5.10000 8
0.07886 80.00000 4.95000 0.00000 0.41100 7.14800 27.70000 5.11670 4.00000 245.00000 19.20000 396.90000 3.56000 8
0.02177 82.50000 2.03000 0.00000 0.41500 7.61000 15.70000 6.27000 2.00000 348.00000 14.70000 395.38000 3.11000 9
0.57529 0.00000 6.20000 0.00000 0.50700 8.33700 73.30000 3.83840 8.00000 307.00000 17.40000 385.91000 2.47000 9
0.36894 22.00000 5.86000 0.00000 0.43100 8.25900 8.40000 8.90670 7.00000 330.00000 19.10000 396.90000 3.54000 9
0.01538 90.00000 3.75000 0.00000 0.39400 7.45400 34.20000 6.33610 3.00000 244.00000 15.90000 386.34000 3.11000 9
0.54050 20.00000 3.97000 0.00000 0.57500 7.47000 52.60000 2.87200 5.00000 264.00000 13.00000 390.30000 3.16000 9
0.03578 20.00000 3.33000 0.00000 0.44290 7.82000 64.50000 4.69470 5.00000 216.00000 14.90000 387.31000 3.76000 9
1.46336 0.00000 19.58000 0.00000 0.60500 7.48900 90.80000 1.97090 5.00000 403.00000 14.70000 374.43000 1.73000 10
1.83377 0.00000 19.58000 1.00000 0.60500 7.80200 98.20000 2.04070 5.00000 403.00000 14.70000 389.61000 1.92000 10
1.51902 0.00000 19.58000 1.00000 0.60500 8.37500 93.90000 2.16200 5.00000 403.00000 14.70000 388.45000 3.32000 10
2.01019 0.00000 19.58000 0.00000 0.60500 7.92900 96.20000 2.04590 5.00000 403.00000 14.70000 369.30000 3.70000 10
0.01381 80.00000 0.46000 0.00000 0.42200 7.87500 32.00000 5.64840 4.00000 255.00000 14.40000 394.23000 2.97000 10
0.02009 95.00000 2.68000 0.00000 0.41610 8.03400 31.90000 5.11800 4.00000 224.00000 14.70000 390.55000 2.88000 10
0.52693 0.00000 6.20000 0.00000 0.50400 8.72500 83.00000 2.89440 8.00000 307.00000 17.40000 382.00000 4.63000 10
0.29819 0.00000 6.20000 0.00000 0.50400 7.68600 17.00000 3.37510 8.00000 307.00000 17.40000 377.51000 3.92000 10
0.33147 0.00000 6.20000 0.00000 0.50700 8.24700 70.40000 3.65190 8.00000 307.00000 17.40000 378.95000 3.95000 10
0.06129 20.00000 3.33000 1.00000 0.44290 7.64500 49.70000 5.21190 5.00000 216.00000 14.90000 377.07000 3.01000 10
0.01501 90.00000 1.21000 1.00000 0.40100 7.92300 24.80000 5.88500 1.00000 198.00000 13.60000 395.52000 3.16000 10
5.66998 0.00000 18.10000 1.00000 0.63100 6.68300 96.80000 1.35670 24.00000 666.00000 20.20000 375.33000 3.73000 10
8.26725 0.00000 18.10000 1.00000 0.66800 5.87500 89.60000 1.12960 24.00000 666.00000 20.20000 347.88000 8.88000 10
