1.00000 16.13000 20.68000 108.10000 798.80000 0.11700 0.20220 0.17220 0.10280 0.21640 0.07356 0.56920 1.07300 3.85400 54.18000 0.00703 0.02501 0.03188 0.01297 0.01689 0.00414 20.96000 31.48000 136.80000 1315.00000 0.17890 0.42330 0.47840 0.20730 0.37060 0.11420 3.00000 1
1.00000 21.16000 23.04000 137.20000 1404.00000 0.09428 0.10220 0.10970 0.08632 0.17690 0.05278 0.69170 1.12700 4.30300 93.99000 0.00473 0.01259 0.01715 0.01038 0.01083 0.00199 29.17000 35.59000 188.00000 2615.00000 0.14010 0.26000 0.31550 0.20090 0.28220 0.07526 4.00000 1
0.00000 19.07000 24.81000 128.30000 1104.00000 0.09081 0.21900 0.21070 0.09961 0.23100 0.06343 0.98110 1.66600 8.83000 104.90000 0.00655 0.10060 0.09723 0.02638 0.05333 0.00765 24.09000 33.17000 177.40000 1651.00000 0.12470 0.74440 0.72420 0.24930 0.46700 0.10380 2.30000 1
0.00000 18.65000 17.60000 123.70000 1076.00000 0.10990 0.16860 0.19740 0.10090 0.19070 0.06049 0.62890 0.66330 4.29300 71.56000 0.00629 0.03994 0.05554 0.01695 0.02428 0.00353 22.82000 21.32000 150.60000 1567.00000 0.16790 0.50900 0.73450 0.23780 0.37990 0.09185 1.80000 1
9.00000 20.29000 21.49000 132.80000 1291.00000 0.09258 0.12050 0.15230 0.08636 0.23560 0.05635 0.83090 1.14000 5.45900 115.50000 0.00493 0.02833 0.04284 0.01587 0.03187 0.00327 26.51000 28.07000 171.60000 2196.00000 0.12250 0.34490 0.45090 0.19430 0.44160 0.07863 2.50000 1
0.00000 19.59000 18.15000 130.70000 1214.00000 0.11200 0.16660 0.25080 0.12860 0.20270 0.06082 0.73640 1.04800 4.79200 97.07000 0.00406 0.02277 0.04029 0.01303 0.01686 0.00332 26.73000 26.39000 174.90000 2232.00000 0.14380 0.38460 0.68100 0.22470 0.36430 0.09223 3.50000 1
1.00000 16.78000 18.80000 109.30000 886.30000 0.08865 0.09182 0.08422 0.06576 0.18930 0.05534 0.59900 1.39100 4.12900 67.34000 0.00612 0.02470 0.02626 0.01604 0.02091 0.00349 20.05000 26.30000 130.70000 1260.00000 0.11680 0.21190 0.23180 0.14740 0.28100 0.07228 3.00000 1
1.00000 19.18000 22.49000 127.50000 1148.00000 0.08523 0.14280 0.11140 0.06772 0.17670 0.05529 0.43570 1.07300 3.83300 54.22000 0.00552 0.03698 0.02706 0.01221 0.01415 0.00340 23.36000 32.06000 166.40000 1688.00000 0.13220 0.56010 0.38650 0.17080 0.31930 0.09221 3.00000 1
14.00000 23.29000 26.67000 158.90000 1685.00000 0.11410 0.20840 0.35230 0.16200 0.22000 0.06229 0.55390 1.56000 4.66700 83.16000 0.00933 0.05121 0.08958 0.02465 0.02175 0.00520 25.12000 32.68000 177.00000 1986.00000 0.15360 0.41670 0.78920 0.27330 0.31980 0.08762 9.00000 1
1.00000 17.29000 22.13000 114.40000 947.80000 0.08999 0.12730 0.09697 0.07507 0.21080 0.05464 0.83480 1.63300 6.14600 90.94000 0.00672 0.05981 0.04638 0.02149 0.02747 0.00584 20.39000 27.24000 137.90000 1295.00000 0.11340 0.28670 0.22980 0.15280 0.30670 0.07484 4.00000 1
0.00000 16.24000 18.77000 108.80000 805.10000 0.10660 0.18020 0.19480 0.09052 0.18760 0.06684 0.28730 0.91730 2.46400 28.09000 0.00456 0.03481 0.03872 0.01209 0.01388 0.00408 18.55000 25.09000 126.90000 1031.00000 0.13650 0.47060 0.50260 0.17320 0.27700 0.10630 1.00000 1
18.00000 11.76000 18.14000 75.00000 431.10000 0.09968 0.05914 0.02685 0.03515 0.16190 0.06287 0.64500 2.10500 4.13800 49.11000 0.00560 0.01005 0.01272 0.01432 0.01575 0.00276 13.36000 23.39000 85.10000 553.60000 0.11370 0.07974 0.06120 0.07160 0.19780 0.06915 10.00000 1
1.00000 22.01000 21.90000 147.20000 1482.00000 0.10630 0.19540 0.24480 0.15010 0.18240 0.06140 1.00800 0.69990 7.56100 130.20000 0.00398 0.02821 0.03576 0.01471 0.01518 0.00380 27.66000 25.80000 195.00000 2227.00000 0.12940 0.38850 0.47560 0.24320 0.27410 0.08574 3.00000 1
0.00000 11.08000 18.83000 73.30000 361.60000 0.12160 0.21540 0.16890 0.06367 0.21960 0.07950 0.21140 1.02700 1.71900 13.99000 0.00741 0.04549 0.04588 0.01339 0.01738 0.00443 13.24000 32.82000 91.76000 508.10000 0.21840 0.93790 0.84020 0.25240 0.41540 0.14030 2.00000 1
4.00000 13.98000 19.62000 91.12000 599.50000 0.10600 0.11330 0.11260 0.06463 0.16690 0.06544 0.22080 0.95330 1.60200 18.85000 0.00531 0.01791 0.02185 0.00957 0.01223 0.00285 17.04000 30.80000 113.90000 869.30000 0.16130 0.35680 0.40690 0.18270 0.31790 0.10550 3.50000 1
0.00000 17.27000 25.42000 112.40000 928.80000 0.08331 0.11090 0.12040 0.05736 0.14670 0.05407 0.51000 1.67900 3.28300 58.38000 0.00811 0.04308 0.04942 0.01742 0.01594 0.00374 20.38000 35.46000 132.80000 1284.00000 0.14360 0.41220 0.50360 0.17390 0.25000 0.07944 9.00000 1
7.00000 19.59000 25.00000 127.70000 1191.00000 0.10320 0.09871 0.16550 0.09063 0.16630 0.05391 0.46740 1.37500 2.91600 56.18000 0.01190 0.01929 0.04907 0.01499 0.01641 0.00181 21.44000 30.96000 139.80000 1421.00000 0.15280 0.18450 0.39770 0.14660 0.22930 0.06091 2.00000 1
2.00000 18.01000 20.56000 118.40000 1007.00000 0.10010 0.12890 0.11700 0.07762 0.21160 0.06077 0.75480 1.28800 5.35300 89.74000 0.00800 0.02700 0.03737 0.01648 0.02897 0.00400 21.53000 26.06000 143.40000 1426.00000 0.13090 0.23270 0.25440 0.14890 0.32510 0.07625 3.50000 1
20.00000 20.59000 21.24000 137.80000 1320.00000 0.10850 0.16440 0.21880 0.11210 0.18480 0.06222 0.59040 1.21600 4.20600 75.09000 0.00667 0.02791 0.04062 0.01479 0.01117 0.00373 23.86000 30.76000 163.20000 1760.00000 0.14640 0.35970 0.51790 0.21130 0.24800 0.08999 5.50000 1
1.00000 18.45000 31.39000 120.80000 1051.00000 0.09889 0.11080 0.12750 0.07493 0.18550 0.05593 0.37290 2.18300 2.92200 43.45000 0.00596 0.02474 0.04066 0.01499 0.01703 0.00346 20.36000 44.46000 136.50000 1286.00000 0.12890 0.24900 0.36410 0.15550 0.28470 0.07684 2.00000 1
4.00000 18.11000 30.99000 115.80000 984.40000 0.08625 0.09240 0.06214 0.05598 0.16030 0.05468 0.42360 1.17600 2.18900 36.01000 0.00473 0.01621 0.02044 0.01142 0.01411 0.00210 21.05000 38.93000 128.00000 1214.00000 0.11940 0.20880 0.23850 0.13330 0.26520 0.07006 2.70000 1
0.00000 15.78000 17.10000 102.20000 769.00000 0.09668 0.09030 0.07268 0.04475 0.18900 0.05690 0.20590 0.60520 1.15300 20.04000 0.00475 0.01527 0.01893 0.00830 0.01477 0.00203 17.37000 22.52000 111.70000 921.40000 0.13860 0.26400 0.29010 0.12340 0.32610 0.07752 0.80000 1
0.00000 22.44000 27.42000 150.60000 1504.00000 0.12110 0.20820 0.35790 0.18420 0.25240 0.05848 1.08300 3.50300 7.16400 123.90000 0.00877 0.03241 0.07453 0.02372 0.03172 0.00329 23.99000 32.51000 161.20000 1689.00000 0.13300 0.25800 0.47410 0.21350 0.28090 0.06318 1.00000 1
0.00000 23.01000 33.87000 156.80000 1705.00000 0.11570 0.19480 0.29790 0.15220 0.17990 0.06340 1.81900 2.70800 13.28000 253.80000 0.00846 0.03397 0.05986 0.02232 0.03215 0.00390 28.39000 41.66000 197.80000 2481.00000 0.14320 0.28950 0.49370 0.21100 0.27740 0.07542 4.00000 1
2.00000 19.80000 20.46000 130.20000 1235.00000 0.09652 0.10770 0.15990 0.08705 0.16200 0.05731 0.82150 1.26000 6.43600 116.70000 0.00933 0.02827 0.06039 0.02226 0.01728 0.00281 22.61000 25.78000 155.10000 1623.00000 0.13730 0.23680 0.39310 0.18400 0.23820 0.06831 2.10000 1
0.00000 19.96000 27.41000 130.80000 1238.00000 0.09075 0.11670 0.13550 0.08397 0.16000 0.05461 0.52990 1.56200 3.39000 66.13000 0.00573 0.02089 0.04279 0.01392 0.01051 0.00370 22.75000 36.88000 150.30000 1603.00000 0.12930 0.25130 0.41060 0.16380 0.22450 0.07842 4.00000 1
1.00000 19.22000 27.18000 128.80000 1134.00000 0.10900 0.17770 0.21380 0.11160 0.19240 0.06389 0.49700 2.40300 4.49300 61.18000 0.00613 0.04109 0.05917 0.01756 0.02180 0.00430 22.57000 44.60000 161.00000 1565.00000 0.15010 0.51300 0.68410 0.20990 0.34840 0.09774 0.80000 1
21.00000 14.72000 25.26000 99.28000 657.50000 0.11740 0.21120 0.17290 0.09465 0.20790 0.07496 0.34050 1.15800 2.18800 26.12000 0.00496 0.04553 0.05166 0.01597 0.02539 0.00555 16.67000 31.97000 111.60000 814.80000 0.14640 0.53520 0.56550 0.19740 0.37780 0.11320 1.70000 1
2.00000 22.52000 21.92000 146.90000 1597.00000 0.07592 0.09162 0.06862 0.06367 0.17280 0.05262 1.37400 2.31200 9.93800 192.40000 0.00442 0.02679 0.02433 0.02036 0.02486 0.00392 24.67000 24.81000 162.10000 1902.00000 0.08191 0.13190 0.10560 0.09378 0.20610 0.05788 6.00000 1
0.00000 17.17000 29.19000 110.00000 915.30000 0.08952 0.06655 0.06583 0.05068 0.17930 0.05392 0.61010 1.42500 3.82700 63.02000 0.00689 0.01556 0.03155 0.00971 0.02734 0.00138 20.76000 36.66000 132.50000 1295.00000 0.12610 0.15720 0.21410 0.09520 0.33620 0.06033 3.70000 1
0.00000 15.34000 14.26000 102.50000 704.40000 0.10730 0.21350 0.20770 0.09756 0.25210 0.07032 0.43880 0.70960 3.38400 44.91000 0.00679 0.05328 0.06446 0.02252 0.03672 0.00439 18.07000 19.08000 125.10000 980.90000 0.13900 0.59540 0.63050 0.23930 0.46670 0.09946 1.30000 2
13.00000 18.61000 20.25000 122.10000 1094.00000 0.09440 0.10660 0.14900 0.07731 0.16970 0.05699 0.85290 1.84900 5.63200 93.54000 0.01075 0.02722 0.05081 0.01911 0.02293 0.00422 21.31000 27.26000 139.90000 1403.00000 0.13380 0.21170 0.34460 0.14900 0.23410 0.07421 3.40000 2
1.00000 12.68000 23.84000 82.69000 499.00000 0.11220 0.12620 0.11280 0.06873 0.19050 0.06590 0.42550 1.17800 2.92700 36.46000 0.00778 0.02648 0.02973 0.01290 0.01635 0.00360 17.09000 33.47000 111.80000 888.30000 0.18510 0.40610 0.40240 0.17160 0.33830 0.10310 1.20000 2
15.00000 19.55000 28.77000 133.60000 1207.00000 0.09260 0.20630 0.17840 0.11440 0.18930 0.06232 0.84260 1.19900 7.15800 106.40000 0.00636 0.04765 0.03863 0.01519 0.01936 0.00525 25.05000 36.27000 178.60000 1926.00000 0.12810 0.53290 0.42510 0.19410 0.28180 0.10050 6.00000 2
15.00000 19.71000 19.06000 129.50000 1192.00000 0.10180 0.13520 0.16960 0.10430 0.18950 0.05863 0.43520 1.04900 3.15700 52.60000 0.00500 0.02395 0.02867 0.01117 0.02266 0.00267 23.33000 29.87000 157.60000 1659.00000 0.14110 0.39930 0.46450 0.19250 0.40540 0.08621 4.00000 2
4.00000 23.51000 24.27000 155.10000 1747.00000 0.10690 0.12830 0.23080 0.14100 0.17970 0.05506 1.00900 0.92450 6.46200 164.10000 0.00629 0.01971 0.03582 0.01301 0.01479 0.00312 30.67000 30.73000 202.40000 2906.00000 0.15150 0.26780 0.48190 0.20890 0.25930 0.07738 3.50000 2
0.00000 18.03000 16.85000 117.50000 990.00000 0.08947 0.12320 0.10900 0.06254 0.17200 0.05780 0.29860 0.59060 1.92100 35.77000 0.00412 0.01560 0.02975 0.00975 0.01295 0.00244 20.38000 22.02000 133.30000 1292.00000 0.12630 0.26660 0.42900 0.15350 0.28420 0.08225 2.70000 2
7.00000 17.75000 28.03000 117.30000 981.60000 0.09997 0.13140 0.16980 0.08293 0.17130 0.05916 0.38970 1.07700 2.87300 43.95000 0.00471 0.02015 0.03697 0.01110 0.01237 0.00256 21.53000 38.54000 145.40000 1437.00000 0.14010 0.37620 0.63990 0.19700 0.29720 0.09075 1.50000 2
9.00000 19.44000 18.82000 128.10000 1167.00000 0.10890 0.14480 0.22560 0.11940 0.18230 0.06115 0.56590 1.40800 3.63100 67.74000 0.00529 0.02833 0.04256 0.01176 0.01717 0.00321 23.96000 30.39000 153.90000 1740.00000 0.15140 0.37250 0.59360 0.20600 0.32660 0.09009 7.00000 2
0.00000 20.92000 25.09000 143.00000 1347.00000 0.10990 0.22360 0.31740 0.14740 0.21490 0.06879 0.96220 1.02600 8.75800 118.80000 0.00640 0.04310 0.07845 0.02624 0.02057 0.00621 24.29000 29.41000 179.10000 1819.00000 0.14070 0.41860 0.65990 0.25420 0.29290 0.09873 1.50000 2
0.00000 20.13000 28.25000 131.20000 1261.00000 0.09780 0.10340 0.14400 0.09791 0.17520 0.05533 0.76550 2.46300 5.20300 99.04000 0.00577 0.02423 0.03950 0.01678 0.01898 0.00250 23.69000 38.25000 155.00000 1731.00000 0.11660 0.19220 0.32150 0.16280 0.25720 0.06637 1.00000 2
9.00000 17.53000 25.28000 114.00000 966.60000 0.09278 0.09175 0.11050 0.06741 0.14240 0.05563 0.45870 1.31800 3.03200 52.27000 0.00454 0.01312 0.01720 0.00730 0.00978 0.00153 21.75000 40.14000 142.60000 1483.00000 0.12870 0.24720 0.27530 0.13720 0.24040 0.07156 10.00000 2
4.00000 15.66000 24.51000 102.00000 771.10000 0.08886 0.08731 0.09483 0.04286 0.19950 0.05626 0.50160 1.82400 4.01300 52.60000 0.00516 0.02310 0.03871 0.01290 0.01923 0.00190 18.47000 35.09000 124.00000 1066.00000 0.11820 0.24860 0.35080 0.12730 0.29640 0.06591 2.00000 2
0.00000 13.63000 24.70000 89.65000 569.20000 0.10550 0.13120 0.11610 0.06403 0.17910 0.07058 0.32230 1.14800 2.79700 25.79000 0.00725 0.03085 0.03225 0.01585 0.01783 0.00436 15.33000 31.96000 107.70000 712.20000 0.15540 0.35150 0.34090 0.16890 0.27390 0.09945 2.00000 2
0.00000 20.29000 14.34000 135.10000 1297.00000 0.10030 0.13280 0.19800 0.10430 0.18090 0.05883 0.75720 0.78130 5.43800 94.44000 0.01149 0.02461 0.05688 0.01885 0.01756 0.00511 22.54000 16.67000 152.20000 1575.00000 0.13740 0.20500 0.40000 0.16250 0.23640 0.07678 3.50000 3
6.00000 14.54000 27.54000 96.73000 658.80000 0.11390 0.15950 0.16390 0.07364 0.23030 0.07077 0.37000 1.03300 2.87900 32.55000 0.00561 0.04240 0.04741 0.01090 0.01857 0.00547 17.46000 37.13000 124.10000 943.20000 0.16780 0.65770 0.70260 0.17120 0.42180 0.13410 6.00000 3
13.00000 14.25000 21.72000 93.63000 633.00000 0.09823 0.10980 0.13190 0.05598 0.18850 0.06125 0.28600 1.01900 2.65700 24.91000 0.00588 0.02995 0.04815 0.01161 0.02028 0.00402 15.89000 30.36000 116.20000 799.60000 0.14460 0.42380 0.51860 0.14470 0.35910 0.10140 3.00000 3
0.00000 14.25000 22.15000 96.42000 645.70000 0.10490 0.20080 0.21350 0.08653 0.19490 0.07292 0.70360 1.26800 5.37300 60.78000 0.00941 0.07056 0.06899 0.01848 0.01700 0.00611 17.67000 29.51000 119.10000 959.50000 0.16400 0.62470 0.69220 0.17850 0.28440 0.11320 1.50000 3
8.00000 14.95000 17.57000 96.85000 678.10000 0.11670 0.13050 0.15390 0.08624 0.19570 0.06216 1.29600 1.45200 8.41900 101.90000 0.01000 0.03480 0.06577 0.02801 0.05168 0.00289 18.55000 21.43000 121.40000 971.40000 0.14110 0.21640 0.33550 0.16670 0.34140 0.07147 1.20000 3
0.00000 13.81000 23.75000 91.56000 597.80000 0.13230 0.17680 0.15580 0.09176 0.22510 0.07421 0.56480 1.93000 3.90900 52.72000 0.00882 0.03108 0.03112 0.01291 0.01998 0.00451 19.20000 41.85000 128.50000 1153.00000 0.22260 0.52090 0.46460 0.20130 0.44320 0.10860 1.50000 3
0.00000 19.37000 24.03000 129.90000 1174.00000 0.09866 0.16290 0.19610 0.10540 0.21200 0.06246 0.63100 0.94090 4.79400 75.93000 0.00520 0.02804 0.03108 0.01319 0.01900 0.00371 23.87000 28.43000 165.50000 1725.00000 0.12690 0.35350 0.36070 0.18320 0.34790 0.08793 3.20000 3
0.00000 17.46000 39.28000 113.40000 920.60000 0.09812 0.12980 0.14170 0.08811 0.18090 0.05966 0.53660 0.85610 3.00200 49.00000 0.00486 0.02785 0.02602 0.01374 0.01226 0.00276 22.51000 44.87000 141.20000 1408.00000 0.13650 0.37350 0.32410 0.20660 0.28530 0.08496 2.00000 3
3.00000 15.53000 33.56000 103.70000 744.90000 0.10630 0.16390 0.17510 0.08399 0.20910 0.06650 0.24190 1.27800 1.90300 23.02000 0.00534 0.02556 0.02889 0.01022 0.00995 0.00336 18.49000 49.54000 126.30000 1035.00000 0.18830 0.55640 0.57030 0.20140 0.35120 0.12040 2.50000 3
11.00000 20.09000 23.86000 134.70000 1247.00000 0.10800 0.18380 0.22830 0.12800 0.22490 0.07469 1.07200 1.74300 7.80400 130.80000 0.00796 0.04732 0.07649 0.01936 0.02736 0.00593 23.68000 29.43000 158.80000 1696.00000 0.13470 0.33910 0.49320 0.19230 0.32940 0.09469 5.00000 3
0.00000 17.06000 21.00000 111.80000 918.60000 0.11190 0.10560 0.15080 0.09934 0.17270 0.06071 0.81610 2.12900 6.07600 87.17000 0.00645 0.01797 0.04502 0.01744 0.01829 0.00373 20.99000 33.15000 143.20000 1362.00000 0.14490 0.20530 0.39200 0.18270 0.26230 0.07599 1.50000 3
13.00000 19.68000 21.68000 129.90000 1194.00000 0.09797 0.13390 0.18630 0.11030 0.20820 0.05715 0.62260 2.28400 5.17300 67.66000 0.00476 0.03368 0.04345 0.01806 0.03756 0.00329 22.75000 34.66000 157.60000 1540.00000 0.12180 0.34580 0.47340 0.22550 0.40450 0.07918 1.50000 3
0.00000 16.69000 20.20000 107.10000 857.60000 0.07497 0.07112 0.03649 0.02307 0.18460 0.05325 0.24730 0.56790 1.77500 22.95000 0.00267 0.01446 0.01423 0.00530 0.01961 0.00170 19.18000 26.56000 127.30000 1084.00000 0.10090 0.29200 0.24770 0.08737 0.46770 0.07623 2.50000 3
0.00000 18.49000 17.52000 121.30000 1068.00000 0.10120 0.13170 0.14910 0.09183 0.18320 0.06697 0.79230 1.04500 4.85100 95.77000 0.00797 0.03214 0.04435 0.01573 0.01617 0.00526 22.75000 22.88000 146.40000 1600.00000 0.14120 0.30890 0.35330 0.16630 0.25100 0.09445 3.00000 3
8.00000 15.05000 19.07000 97.26000 701.90000 0.09215 0.08597 0.07486 0.04335 0.15610 0.05915 0.38600 1.19800 2.63000 38.49000 0.00495 0.01630 0.02967 0.00942 0.01152 0.00172 17.58000 28.06000 113.80000 967.00000 0.12460 0.21010 0.28660 0.11200 0.22820 0.06954 2.50000 3
0.00000 15.22000 30.62000 103.40000 716.90000 0.10480 0.20870 0.25500 0.09429 0.21280 0.07152 0.26020 1.20500 2.36200 22.65000 0.00462 0.04844 0.07359 0.01608 0.02137 0.00614 17.52000 42.79000 128.70000 915.00000 0.14170 0.79170 1.17000 0.23560 0.40890 0.14090 2.50000 3
2.00000 18.11000 26.17000 118.70000 970.20000 0.09867 0.17160 0.21770 0.09718 0.20630 0.06194 0.58540 1.38600 4.06600 48.23000 0.00780 0.04768 0.10150 0.02349 0.02759 0.00412 21.88000 35.40000 145.10000 1251.00000 0.14640 0.51270 0.87740 0.26030 0.39410 0.09318 2.40000 3
0.00000 21.93000 30.64000 146.70000 1487.00000 0.08679 0.17230 0.20530 0.10100 0.17960 0.05715 0.88420 1.15200 6.92000 115.80000 0.00766 0.05912 0.05962 0.02539 0.02899 0.00464 25.24000 34.07000 171.50000 1951.00000 0.11680 0.40720 0.44940 0.18860 0.27840 0.07353 3.50000 3
0.00000 15.10000 22.02000 97.26000 712.80000 0.09056 0.07081 0.05253 0.03334 0.16160 0.05684 0.31050 0.83390 2.09700 29.91000 0.00468 0.01030 0.01603 0.00922 0.01095 0.00163 18.10000 31.69000 117.70000 1030.00000 0.13890 0.20570 0.27120 0.15300 0.26750 0.07873 2.50000 4
1.00000 19.10000 26.29000 129.10000 1132.00000 0.12150 0.17910 0.19370 0.14690 0.16340 0.07224 0.51900 2.91000 5.80100 67.10000 0.00754 0.06050 0.02134 0.01843 0.03056 0.01039 20.33000 32.72000 141.30000 1298.00000 0.13920 0.28170 0.24320 0.18410 0.23110 0.09203 3.00000 4
7.00000 17.68000 20.74000 117.40000 963.70000 0.11150 0.16650 0.18550 0.10540 0.19710 0.06166 0.81130 1.40000 5.54000 93.91000 0.00904 0.04954 0.05206 0.01841 0.01778 0.00497 20.47000 25.11000 132.90000 1302.00000 0.14180 0.34980 0.35830 0.15150 0.24630 0.07738 9.00000 4
0.00000 19.80000 21.56000 129.70000 1230.00000 0.09383 0.13060 0.12720 0.08691 0.20940 0.05581 0.95530 1.18600 6.48700 124.40000 0.00680 0.03169 0.03446 0.01712 0.01897 0.00405 25.73000 28.64000 170.30000 2009.00000 0.13530 0.32350 0.36170 0.18200 0.30700 0.08255 2.60000 4
1.00000 20.31000 27.06000 132.90000 1288.00000 0.10000 0.10880 0.15190 0.09333 0.18140 0.05572 0.39770 1.03300 2.58700 52.34000 0.00504 0.01578 0.02117 0.00818 0.01282 0.00189 24.33000 39.16000 162.30000 1844.00000 0.15220 0.29450 0.37880 0.16970 0.31510 0.07999 1.80000 4
0.00000 15.50000 21.08000 102.90000 803.10000 0.11200 0.15710 0.15220 0.08481 0.20850 0.06864 1.37000 1.21300 9.42400 176.50000 0.00820 0.03889 0.04493 0.02139 0.02018 0.00581 23.17000 27.65000 157.10000 1748.00000 0.15170 0.40020 0.42110 0.21340 0.30030 0.10480 0.40000 4
0.00000 18.82000 21.97000 123.70000 1110.00000 0.10180 0.13890 0.15940 0.08744 0.19430 0.06132 0.81910 1.93100 4.49300 103.90000 0.00807 0.04088 0.05321 0.01834 0.02383 0.00451 22.66000 30.93000 145.30000 1603.00000 0.13900 0.34630 0.39120 0.17080 0.30070 0.08314 1.00000 4
1.00000 18.31000 20.58000 120.80000 1052.00000 0.10680 0.12480 0.15690 0.09451 0.18600 0.05941 0.54490 0.92250 3.21800 67.36000 0.00618 0.01877 0.02913 0.01046 0.01559 0.00273 21.86000 26.20000 142.20000 1493.00000 0.14920 0.25360 0.37590 0.15100 0.30740 0.07863 1.20000 4
2.00000 17.99000 10.38000 122.80000 1001.00000 0.11840 0.27760 0.30010 0.14710 0.24190 0.07871 1.09500 0.90530 8.58900 153.40000 0.00640 0.04904 0.05373 0.01587 0.03003 0.00619 25.38000 17.33000 184.60000 2019.00000 0.16220 0.66560 0.71190 0.26540 0.46010 0.11890 3.00000 5
0.00000 15.30000 25.27000 102.40000 732.40000 0.10820 0.16970 0.16830 0.08751 0.19260 0.06540 0.43900 1.01200 3.49800 43.50000 0.00523 0.03057 0.03576 0.01083 0.01768 0.00297 20.27000 36.71000 149.30000 1269.00000 0.16410 0.61100 0.63350 0.20240 0.40270 0.09876 2.00000 5
0.00000 19.27000 26.47000 127.90000 1162.00000 0.09401 0.17190 0.16570 0.07593 0.18530 0.06261 0.55580 0.60620 3.52800 68.17000 0.00502 0.03318 0.03497 0.00964 0.01543 0.00390 24.15000 30.90000 161.40000 1813.00000 0.15090 0.65900 0.60910 0.17850 0.36720 0.11230 3.50000 5
6.00000 14.71000 21.59000 95.55000 656.90000 0.11370 0.13650 0.12930 0.08123 0.20270 0.06758 0.42260 1.15000 2.73500 40.09000 0.00366 0.02855 0.02572 0.01272 0.01817 0.00411 17.87000 30.70000 115.70000 985.50000 0.13680 0.42900 0.35870 0.18340 0.36980 0.10940 6.50000 5
7.00000 21.09000 26.57000 142.70000 1311.00000 0.11410 0.28320 0.24870 0.14960 0.23950 0.07398 0.62980 0.76290 4.41400 81.46000 0.00425 0.04759 0.03872 0.01567 0.01798 0.00530 26.68000 33.48000 176.50000 2089.00000 0.14910 0.75840 0.67800 0.29030 0.40980 0.12840 4.00000 5
1.00000 19.40000 23.50000 129.10000 1155.00000 0.10270 0.15580 0.20490 0.08886 0.19780 0.06000 0.52430 1.80200 4.03700 60.41000 0.01061 0.03252 0.03915 0.01559 0.02186 0.00395 21.65000 30.53000 144.90000 1417.00000 0.14630 0.29680 0.34580 0.15640 0.29200 0.07614 1.80000 5
7.00000 19.45000 19.33000 126.50000 1169.00000 0.10350 0.11880 0.13790 0.08591 0.17760 0.05647 0.59590 0.63420 3.79700 71.00000 0.00465 0.01800 0.02749 0.01267 0.01365 0.00255 25.70000 24.57000 163.10000 1972.00000 0.14970 0.31610 0.43170 0.19990 0.33790 0.08950 9.00000 5
0.00000 13.96000 17.05000 91.43000 602.40000 0.10960 0.12790 0.09789 0.05246 0.19080 0.06130 0.42500 0.80980 2.56300 35.74000 0.00635 0.02679 0.03119 0.01342 0.02062 0.00269 16.39000 22.07000 108.10000 826.00000 0.15120 0.32620 0.32090 0.13740 0.30680 0.07957 1.00000 5
0.00000 15.61000 19.38000 100.00000 758.60000 0.07840 0.05616 0.04209 0.02847 0.15470 0.05443 0.22980 0.99880 1.53400 22.18000 0.00283 0.00911 0.01311 0.00517 0.01013 0.00135 17.91000 31.67000 115.90000 988.60000 0.10840 0.18070 0.22600 0.08568 0.26830 0.06829 2.00000 5
2.00000 20.73000 31.12000 135.70000 1419.00000 0.09469 0.11430 0.13670 0.08646 0.17690 0.05674 1.17200 1.61700 7.74900 199.70000 0.00455 0.01478 0.02143 0.00928 0.01367 0.00230 32.49000 47.16000 214.00000 3432.00000 0.14010 0.26440 0.34420 0.16590 0.28680 0.08218 3.00000 5
0.00000 17.93000 24.48000 115.20000 998.90000 0.08855 0.07027 0.05699 0.04744 0.15380 0.05510 0.42120 1.43300 2.76500 45.81000 0.00544 0.01169 0.01622 0.00852 0.01419 0.00275 20.92000 34.69000 135.10000 1320.00000 0.13150 0.18060 0.20800 0.11360 0.25040 0.07948 1.50000 5
0.00000 19.53000 18.90000 129.50000 1217.00000 0.11500 0.16420 0.21970 0.10620 0.17920 0.06552 1.11100 1.16100 7.23700 133.00000 0.00606 0.03203 0.05638 0.01733 0.01884 0.00479 25.93000 26.24000 171.10000 2053.00000 0.14950 0.41160 0.61210 0.19800 0.29680 0.09929 2.00000 5
0.00000 20.64000 17.35000 134.80000 1335.00000 0.09446 0.10760 0.15270 0.08941 0.15710 0.05478 0.61370 0.65750 4.11900 77.02000 0.00621 0.01895 0.02681 0.01232 0.01276 0.00171 25.37000 23.17000 166.80000 1946.00000 0.15620 0.30550 0.41590 0.21120 0.26890 0.07055 4.00000 5
0.00000 14.60000 23.29000 93.97000 664.70000 0.08682 0.06636 0.08390 0.05271 0.16270 0.05416 0.41570 1.62700 2.91400 33.01000 0.00831 0.01742 0.03389 0.01576 0.01740 0.00287 15.79000 31.71000 102.20000 758.20000 0.13120 0.15810 0.26750 0.13590 0.24770 0.06836 3.00000 5
16.00000 21.61000 22.28000 144.40000 1407.00000 0.11670 0.20870 0.28100 0.15620 0.21620 0.06606 0.62420 0.92090 4.15800 80.99000 0.00522 0.03726 0.04718 0.01288 0.02045 0.00403 26.23000 28.74000 172.00000 2081.00000 0.15020 0.57170 0.70530 0.24220 0.38280 0.10070 3.30000 5
1.00000 17.29000 21.43000 112.70000 938.60000 0.10040 0.11240 0.11170 0.08377 0.17490 0.05822 0.90470 1.30500 6.37800 105.20000 0.00561 0.02121 0.03387 0.01494 0.01537 0.00304 22.51000 26.70000 149.40000 1558.00000 0.13090 0.23520 0.32700 0.15490 0.26090 0.07545 1.50000 5
10.00000 14.99000 25.20000 95.54000 698.80000 0.09387 0.05131 0.02398 0.02899 0.15650 0.05504 1.21400 2.18800 8.07700 106.00000 0.00688 0.01094 0.01818 0.01917 0.00788 0.00175 14.99000 25.20000 95.54000 698.80000 0.09387 0.05131 0.02398 0.02899 0.15650 0.05504 3.50000 6
4.00000 17.20000 24.52000 114.20000 929.40000 0.10710 0.18300 0.16920 0.07944 0.19270 0.06487 0.59070 1.04100 3.70500 69.47000 0.00582 0.05616 0.04252 0.01127 0.01527 0.00630 23.32000 33.82000 151.60000 1681.00000 0.15850 0.73940 0.65660 0.18990 0.33130 0.13390 5.00000 6
0.00000 14.19000 26.02000 96.29000 632.40000 0.10500 0.18360 0.20130 0.07798 0.18940 0.06625 0.46340 1.41600 5.35700 43.65000 0.00749 0.06696 0.06789 0.01714 0.01327 0.00569 17.05000 35.37000 126.80000 905.40000 0.15210 0.64610 0.64390 0.17900 0.26550 0.10610 1.40000 6
15.00000 19.00000 18.91000 123.40000 1138.00000 0.08217 0.08028 0.09271 0.05627 0.19460 0.05044 0.68960 1.34200 5.21600 81.23000 0.00443 0.02731 0.04040 0.01361 0.02030 0.00269 22.32000 25.73000 148.20000 1538.00000 0.10210 0.22640 0.32070 0.12180 0.28410 0.06541 3.50000 6
1.00000 15.70000 20.31000 101.20000 766.60000 0.09597 0.08799 0.06593 0.05189 0.16180 0.05549 0.36990 1.15000 2.40600 40.98000 0.00463 0.02263 0.01954 0.00977 0.01547 0.00243 20.11000 32.82000 129.30000 1269.00000 0.14140 0.35470 0.29020 0.15410 0.34370 0.08631 2.00000 6
4.00000 12.34000 26.86000 81.15000 477.40000 0.10340 0.13530 0.10850 0.04562 0.19430 0.06937 0.40530 1.80900 2.64200 34.44000 0.00910 0.03845 0.03763 0.01321 0.01878 0.00567 15.65000 39.34000 101.70000 768.90000 0.17850 0.47060 0.44250 0.14590 0.32150 0.12050 1.20000 6
1.00000 17.42000 25.56000 114.50000 948.00000 0.10060 0.11460 0.16820 0.06597 0.13080 0.05866 0.52960 1.66700 3.76700 58.53000 0.03113 0.08555 0.14380 0.03927 0.02175 0.01256 18.07000 28.07000 120.40000 1021.00000 0.12430 0.17930 0.28030 0.10990 0.16030 0.06818 1.50000 6
0.00000 14.19000 23.81000 92.87000 610.70000 0.09463 0.13060 0.11150 0.06462 0.22350 0.06433 0.42070 1.84500 3.53400 31.00000 0.01088 0.03710 0.03688 0.01627 0.04499 0.00477 16.86000 34.85000 115.00000 811.30000 0.15590 0.40590 0.37440 0.17720 0.47240 0.10260 3.00000 6
1.00000 16.34000 20.81000 109.40000 829.80000 0.10310 0.15890 0.17690 0.08451 0.19810 0.06613 0.29580 1.25900 2.27800 29.03000 0.00652 0.02500 0.04087 0.01344 0.01797 0.00363 18.88000 31.95000 128.90000 1085.00000 0.15430 0.34560 0.59780 0.18430 0.35840 0.09975 1.00000 6
0.00000 15.66000 23.20000 110.20000 773.50000 0.11090 0.31140 0.31760 0.13770 0.24950 0.08104 1.29200 2.45400 10.12000 138.50000 0.01236 0.05995 0.08232 0.03024 0.02337 0.00604 19.85000 31.64000 143.70000 1226.00000 0.15040 0.51720 0.61810 0.24620 0.32770 0.10190 0.60000 6
0.00000 18.22000 18.87000 118.70000 1027.00000 0.09746 0.11170 0.11300 0.07950 0.18070 0.05664 0.40410 0.55030 2.54700 48.90000 0.00482 0.01659 0.02408 0.01143 0.01275 0.00245 21.84000 25.00000 140.90000 1485.00000 0.14340 0.27630 0.38530 0.17760 0.28120 0.08198 2.00000 6
1.00000 20.16000 19.66000 131.10000 1274.00000 0.08020 0.08564 0.11550 0.07726 0.19280 0.05096 0.59250 0.68630 3.86800 74.85000 0.00454 0.01376 0.02645 0.01247 0.02193 0.00159 23.06000 23.03000 150.20000 1657.00000 0.10540 0.15370 0.26060 0.14250 0.30550 0.05933 2.50000 6
2.00000 20.34000 21.51000 135.90000 1264.00000 0.11700 0.18750 0.25650 0.15040 0.25690 0.06670 0.57020 1.02300 4.01200 69.06000 0.00549 0.02431 0.03190 0.01369 0.02768 0.00334 25.30000 31.86000 171.10000 1938.00000 0.15920 0.44920 0.53440 0.26850 0.55580 0.10240 0.40000 6
0.00000 12.75000 15.29000 84.60000 502.70000 0.11890 0.15690 0.16640 0.07666 0.19950 0.07164 0.38770 0.74020 2.99900 30.85000 0.00777 0.02987 0.04561 0.01357 0.01774 0.00511 15.51000 20.37000 107.30000 733.20000 0.17060 0.41960 0.59990 0.17090 0.34850 0.11790 2.50000 7
10.00000 13.71000 20.83000 90.20000 577.90000 0.11890 0.16450 0.09366 0.05985 0.21960 0.07451 0.58350 1.37700 3.85600 50.96000 0.00881 0.03029 0.02488 0.01448 0.01486 0.00541 17.06000 28.14000 110.60000 897.00000 0.16540 0.36820 0.26780 0.15560 0.31960 0.11510 4.00000 7
20.00000 12.46000 24.04000 83.97000 475.90000 0.11860 0.23960 0.22730 0.08543 0.20300 0.08243 0.29760 1.59900 2.03900 23.94000 0.00715 0.07217 0.07743 0.01432 0.01789 0.01008 15.09000 40.68000 97.65000 711.40000 0.18530 1.05800 1.10500 0.22100 0.43660 0.20750 6.00000 7
1.00000 17.02000 23.98000 112.80000 899.30000 0.11970 0.14960 0.24170 0.12030 0.22480 0.06382 0.60090 1.39800 3.99900 67.78000 0.00827 0.03082 0.05042 0.01112 0.02102 0.00385 20.88000 32.09000 136.10000 1344.00000 0.16340 0.35590 0.55880 0.18470 0.35300 0.08482 1.30000 7
0.00000 13.48000 20.82000 88.40000 559.20000 0.10160 0.12550 0.10630 0.05439 0.17200 0.06419 0.21300 0.59140 1.54500 18.52000 0.00537 0.02239 0.03049 0.01262 0.01377 0.00319 15.53000 26.02000 107.30000 740.40000 0.16100 0.42250 0.50300 0.22580 0.28070 0.10710 2.50000 7
2.00000 19.89000 16.89000 130.20000 1229.00000 0.10050 0.11340 0.14980 0.11210 0.17300 0.06147 1.05100 0.93490 7.38200 121.90000 0.00823 0.03082 0.04160 0.02785 0.03763 0.00379 22.25000 19.08000 147.50000 1508.00000 0.11970 0.18730 0.24870 0.16790 0.26430 0.07048 6.00000 7
1.00000 13.43000 19.63000 85.84000 565.40000 0.09048 0.06288 0.05858 0.03438 0.15980 0.05671 0.46970 1.14700 3.14200 43.40000 0.00600 0.01063 0.02151 0.00944 0.01520 0.00187 17.98000 29.87000 116.60000 993.60000 0.14010 0.15460 0.26440 0.11600 0.28840 0.07371 2.00000 7
0.00000 15.28000 22.41000 98.92000 710.60000 0.09057 0.10520 0.05375 0.03263 0.17270 0.06317 0.20540 0.49560 1.34400 19.53000 0.00329 0.01395 0.01774 0.00601 0.01172 0.00258 17.80000 28.03000 113.80000 973.10000 0.13010 0.32990 0.36300 0.12260 0.31750 0.09772 1.60000 7
27.00000 12.83000 22.33000 85.26000 503.20000 0.10880 0.17990 0.16950 0.06861 0.21230 0.07254 0.30610 1.06900 2.25700 25.13000 0.00698 0.03858 0.04683 0.01499 0.01680 0.00562 15.20000 30.15000 105.30000 706.00000 0.17770 0.53430 0.62820 0.19770 0.34070 0.12430 3.00000 7
1.00000 23.21000 26.97000 153.50000 1670.00000 0.09509 0.16820 0.19500 0.12370 0.19090 0.06309 1.05800 0.96350 7.24700 155.80000 0.00643 0.02863 0.04497 0.01716 0.01590 0.00305 31.01000 34.51000 206.00000 2944.00000 0.14810 0.41260 0.58200 0.25930 0.31030 0.08677 1.50000 7
0.00000 17.57000 15.05000 115.00000 955.10000 0.09847 0.11570 0.09875 0.07953 0.17390 0.06149 0.60030 0.82250 4.65500 61.10000 0.00563 0.03033 0.03407 0.01354 0.01925 0.00374 20.01000 19.52000 134.90000 1227.00000 0.12550 0.28120 0.24890 0.14560 0.27560 0.07919 4.00000 8
0.00000 10.95000 21.35000 71.90000 371.10000 0.12270 0.12180 0.10440 0.05669 0.18950 0.06870 0.23660 1.42800 1.82200 16.97000 0.00806 0.01764 0.02595 0.01037 0.01357 0.00304 12.84000 35.34000 87.22000 514.00000 0.19090 0.26980 0.40230 0.14240 0.29640 0.09606 2.70000 8
0.00000 15.06000 19.83000 100.30000 705.60000 0.10390 0.15530 0.17000 0.08815 0.18550 0.06284 0.47680 0.96440 3.70600 47.14000 0.00925 0.03715 0.04867 0.01851 0.01498 0.00352 18.23000 24.23000 123.50000 1025.00000 0.15510 0.42030 0.52030 0.21150 0.28340 0.08234 1.50000 8
11.00000 19.79000 25.12000 130.40000 1192.00000 0.10150 0.15890 0.25450 0.11490 0.22020 0.06113 0.49530 1.19900 2.76500 63.33000 0.00503 0.03179 0.04755 0.01043 0.01578 0.00322 22.63000 33.58000 148.70000 1589.00000 0.12750 0.38610 0.56730 0.17320 0.33050 0.08465 3.00000 8
1.00000 15.46000 11.89000 102.50000 736.90000 0.12570 0.15550 0.20320 0.10970 0.19660 0.07069 0.42090 0.65830 2.80500 44.64000 0.00539 0.02321 0.04303 0.01320 0.01792 0.00417 18.79000 17.04000 125.00000 1102.00000 0.15310 0.35830 0.58300 0.18270 0.32160 0.10100 1.80000 8
3.00000 18.31000 18.58000 118.60000 1041.00000 0.08588 0.08468 0.08169 0.05814 0.16210 0.05425 0.25770 0.47570 1.81700 28.92000 0.00287 0.00918 0.01412 0.00672 0.01069 0.00109 21.31000 26.36000 139.20000 1410.00000 0.12340 0.24450 0.35380 0.15710 0.32060 0.06938 6.00000 8
0.00000 13.77000 22.29000 90.63000 588.90000 0.12000 0.12670 0.13850 0.06526 0.18340 0.06877 0.61910 2.11200 4.90600 49.70000 0.01380 0.03348 0.04665 0.02060 0.02689 0.00431 16.39000 34.01000 111.60000 806.90000 0.17370 0.31220 0.38090 0.16730 0.30800 0.09333 1.20000 8
0.00000 14.58000 21.53000 97.41000 644.80000 0.10540 0.18680 0.14250 0.08783 0.22520 0.06924 0.25450 0.98320 2.11000 21.05000 0.00445 0.03055 0.02681 0.01352 0.01454 0.00371 17.62000 33.21000 122.40000 896.90000 0.15250 0.66430 0.55390 0.27010 0.42640 0.12750 2.50000 9
0.00000 16.13000 17.88000 107.00000 807.20000 0.10400 0.15590 0.13540 0.07752 0.19980 0.06515 0.33400 0.68570 2.18300 35.03000 0.00419 0.02868 0.02664 0.00907 0.01703 0.00382 20.21000 27.26000 132.70000 1261.00000 0.14460 0.58040 0.52740 0.18640 0.42700 0.12330 2.50000 9
1.00000 13.17000 18.66000 85.98000 534.60000 0.11580 0.12310 0.12260 0.07340 0.21280 0.06777 0.28710 0.89370 1.89700 24.25000 0.00653 0.02336 0.02905 0.01215 0.01743 0.00364 15.67000 27.95000 102.80000 759.40000 0.17860 0.41660 0.50060 0.20880 0.39000 0.11790 1.00000 9
1.00000 14.42000 19.77000 94.48000 642.50000 0.09752 0.11410 0.09388 0.05839 0.18790 0.06390 0.28950 1.85100 2.37600 26.85000 0.00801 0.02895 0.03321 0.01424 0.01462 0.00445 16.33000 30.86000 109.50000 826.40000 0.14310 0.30260 0.31940 0.15650 0.27180 0.09353 0.40000 9
0.00000 13.11000 15.56000 87.21000 530.20000 0.13980 0.17650 0.20710 0.09601 0.19250 0.07692 0.39080 0.92380 2.41000 34.66000 0.00716 0.02912 0.05473 0.01388 0.01547 0.00710 16.31000 22.40000 106.40000 827.20000 0.18620 0.40990 0.63760 0.19860 0.31470 0.14050 1.50000 9
2.00000 15.78000 22.91000 105.70000 782.60000 0.11550 0.17520 0.21330 0.09479 0.20960 0.07331 0.55200 1.07200 3.59800 58.63000 0.00870 0.03976 0.05950 0.01390 0.01495 0.00598 20.19000 30.50000 130.30000 1272.00000 0.18550 0.49250 0.73560 0.20340 0.32740 0.12520 3.50000 9
0.00000 16.16000 21.54000 106.20000 809.80000 0.10080 0.12840 0.10430 0.05613 0.21600 0.05891 0.43320 1.26500 2.84400 43.68000 0.00488 0.01952 0.02219 0.00923 0.01535 0.00237 19.47000 31.68000 129.70000 1175.00000 0.13950 0.30550 0.29920 0.13120 0.34800 0.07619 1.20000 9
0.00000 21.37000 17.44000 137.50000 1373.00000 0.08836 0.11890 0.12550 0.08180 0.23330 0.06010 0.58540 0.61050 3.92800 82.15000 0.00617 0.03449 0.03300 0.01805 0.03094 0.00504 24.90000 20.98000 159.10000 1949.00000 0.11880 0.34490 0.34140 0.20320 0.43340 0.09067 2.50000 10
0.00000 11.42000 20.38000 77.58000 386.10000 0.14250 0.28390 0.24140 0.10520 0.25970 0.09744 0.49560 1.15600 3.44500 27.23000 0.00911 0.07458 0.05661 0.01867 0.05963 0.00921 14.91000 26.50000 98.87000 567.70000 0.20980 0.86630 0.68690 0.25750 0.66380 0.17300 2.00000 10
1.00000 13.00000 21.82000 87.50000 519.80000 0.12730 0.19320 0.18590 0.09353 0.23500 0.07389 0.30630 1.00200 2.40600 24.32000 0.00573 0.03502 0.03553 0.01226 0.02143 0.00375 15.49000 30.73000 106.20000 739.30000 0.17030 0.54010 0.53900 0.20600 0.43780 0.10720 2.00000 10
0.00000 15.78000 17.89000 103.60000 781.00000 0.09710 0.12920 0.09954 0.06606 0.18420 0.06082 0.50580 0.98490 3.56400 54.16000 0.00577 0.04061 0.02791 0.01282 0.02008 0.00414 20.42000 27.28000 136.50000 1299.00000 0.13960 0.56090 0.39650 0.18100 0.37920 0.10480 1.40000 10
0.00000 15.85000 23.95000 103.70000 782.70000 0.08401 0.10020 0.09938 0.05364 0.18470 0.05338 0.40330 1.07800 2.90300 36.58000 0.00977 0.03126 0.05051 0.01992 0.02981 0.00300 16.84000 27.66000 112.00000 876.50000 0.11310 0.19240 0.23220 0.11190 0.28090 0.06287 1.00000 10
1.00000 17.14000 16.40000 116.00000 912.70000 0.11860 0.22760 0.22290 0.14010 0.30400 0.07413 1.04600 0.97600 7.27600 111.40000 0.00803 0.03799 0.03732 0.02397 0.02308 0.00744 22.25000 21.40000 152.40000 1461.00000 0.15450 0.39490 0.38530 0.25500 0.40660 0.10590 4.40000 10
1.00000 13.28000 20.28000 87.32000 545.20000 0.10410 0.14360 0.09847 0.06158 0.19740 0.06782 0.37040 0.82490 2.42700 31.33000 0.00507 0.02147 0.02185 0.00956 0.01719 0.00332 17.38000 28.00000 113.10000 907.20000 0.15300 0.37240 0.36640 0.14920 0.37390 0.10270 2.60000 10
