1.80000 -19.20000 1
12.70000 -18.90000 1
1.90000 -25.00000 1
2.20000 -3.10000 2
11.00000 -14.30000 2
4.80000 -9.50000 2
12.50000 -13.60000 2
10.40000 -29.00000 3
15.60000 -10.60000 3
4.80000 -7.80000 3
7.90000 -13.90000 3
5.20000 -4.50000 3
11.80000 -2.10000 3
10.60000 -11.20000 3
11.90000 -2.00000 3
15.50000 -0.70000 3
11.10000 -16.80000 3
5.10000 -5.10000 3
4.20000 -17.00000 3
6.90000 -3.30000 3
9.90000 -3.30000 3
8.90000 -10.00000 3
10.50000 -0.90000 4
10.60000 -7.80000 4
5.80000 -2.80000 4
11.50000 -9.00000 4
8.50000 -0.20000 4
12.40000 -0.80000 4
12.80000 -1.00000 5
13.20000 -0.70000 5
