12.70000 -18.90000 1
1.90000 -25.00000 1
0.90000 -11.60000 1
8.80000 -16.10000 2
2.20000 -3.10000 2
1.00000 -8.20000 2
12.50000 -13.60000 2
5.20000 -8.10000 3
15.60000 -10.60000 3
4.80000 -7.80000 3
11.80000 -2.10000 3
7.90000 -2.00000 3
11.10000 -6.10000 3
11.90000 -2.00000 3
15.50000 -0.70000 3
11.10000 -16.80000 3
4.20000 -17.00000 3
6.90000 -3.30000 3
9.90000 -3.30000 3
13.20000 -1.90000 3
8.90000 -10.00000 3
10.80000 -13.50000 3
10.60000 -7.80000 4
5.80000 -2.80000 4
11.50000 -9.00000 4
14.50000 -0.50000 4
8.10000 -1.60000 4
12.40000 -0.80000 4
12.80000 -1.00000 5
13.20000 -0.70000 5
