8.00000 350.00000 165.00000 3693.00000 11.50000 70.00000 1.00000 1
8.00000 304.00000 150.00000 3433.00000 12.00000 70.00000 1.00000 1
8.00000 429.00000 198.00000 4341.00000 10.00000 70.00000 1.00000 1
8.00000 454.00000 220.00000 4354.00000 9.00000 70.00000 1.00000 1
8.00000 455.00000 225.00000 4425.00000 10.00000 70.00000 1.00000 1
8.00000 390.00000 190.00000 3850.00000 8.50000 70.00000 1.00000 1
8.00000 383.00000 170.00000 3563.00000 10.00000 70.00000 1.00000 1
8.00000 340.00000 160.00000 3609.00000 8.00000 70.00000 1.00000 1
8.00000 400.00000 150.00000 3761.00000 9.50000 70.00000 1.00000 1
8.00000 455.00000 225.00000 3086.00000 10.00000 70.00000 1.00000 1
8.00000 360.00000 215.00000 4615.00000 14.00000 70.00000 1.00000 1
8.00000 318.00000 210.00000 4382.00000 13.50000 70.00000 1.00000 1
8.00000 318.00000 150.00000 4096.00000 13.00000 71.00000 1.00000 1
8.00000 383.00000 180.00000 4955.00000 11.50000 71.00000 1.00000 1
8.00000 400.00000 170.00000 4746.00000 12.00000 71.00000 1.00000 1
8.00000 400.00000 175.00000 5140.00000 12.00000 71.00000 1.00000 1
8.00000 400.00000 175.00000 4385.00000 12.00000 72.00000 1.00000 1
8.00000 350.00000 155.00000 4502.00000 13.50000 72.00000 1.00000 1
8.00000 350.00000 160.00000 4456.00000 13.50000 72.00000 1.00000 1
8.00000 400.00000 190.00000 4422.00000 12.50000 72.00000 1.00000 1
8.00000 304.00000 150.00000 3892.00000 12.50000 72.00000 1.00000 1
8.00000 302.00000 140.00000 4294.00000 16.00000 72.00000 1.00000 1
8.00000 318.00000 150.00000 4077.00000 14.00000 72.00000 1.00000 1
8.00000 350.00000 145.00000 3988.00000 13.00000 73.00000 1.00000 1
8.00000 351.00000 158.00000 4363.00000 13.00000 73.00000 1.00000 1
8.00000 455.00000 225.00000 4951.00000 11.00000 73.00000 1.00000 1
8.00000 360.00000 175.00000 3821.00000 11.00000 73.00000 1.00000 1
8.00000 400.00000 150.00000 4997.00000 14.00000 73.00000 1.00000 1
8.00000 400.00000 167.00000 4906.00000 12.50000 73.00000 1.00000 1
8.00000 350.00000 180.00000 4499.00000 12.50000 73.00000 1.00000 1
8.00000 318.00000 150.00000 3399.00000 11.00000 73.00000 1.00000 1
8.00000 302.00000 140.00000 4141.00000 14.00000 74.00000 1.00000 1
8.00000 350.00000 150.00000 4699.00000 14.50000 74.00000 1.00000 1
8.00000 302.00000 140.00000 4638.00000 16.00000 74.00000 1.00000 1
6.00000 250.00000 72.00000 3432.00000 21.00000 75.00000 1.00000 1
6.00000 250.00000 72.00000 3158.00000 19.50000 75.00000 1.00000 1
8.00000 318.00000 150.00000 4498.00000 14.50000 75.00000 1.00000 1
6.00000 258.00000 110.00000 3730.00000 19.00000 75.00000 1.00000 1
8.00000 318.00000 150.00000 4190.00000 13.00000 76.00000 1.00000 1
8.00000 318.00000 150.00000 3940.00000 13.20000 76.00000 1.00000 1
6.00000 168.00000 120.00000 3820.00000 16.70000 76.00000 2.00000 1
8.00000 350.00000 180.00000 4380.00000 12.10000 76.00000 1.00000 1
8.00000 350.00000 145.00000 4055.00000 12.00000 76.00000 1.00000 1
8.00000 318.00000 150.00000 3755.00000 14.00000 76.00000 1.00000 1
8.00000 351.00000 138.00000 3955.00000 13.20000 79.00000 1.00000 1
8.00000 351.00000 142.00000 4054.00000 14.30000 79.00000 1.00000 1
8.00000 307.00000 130.00000 3504.00000 12.00000 70.00000 1.00000 2
6.00000 199.00000 90.00000 2648.00000 15.00000 70.00000 1.00000 2
6.00000 250.00000 100.00000 3329.00000 15.50000 71.00000 1.00000 2
6.00000 258.00000 110.00000 2962.00000 13.50000 71.00000 1.00000 2
6.00000 250.00000 88.00000 3139.00000 14.50000 71.00000 1.00000 2
4.00000 122.00000 86.00000 2220.00000 14.00000 71.00000 1.00000 2
4.00000 113.00000 95.00000 2278.00000 15.50000 72.00000 3.00000 2
4.00000 140.00000 90.00000 2408.00000 19.50000 72.00000 1.00000 2
3.00000 70.00000 97.00000 2330.00000 13.50000 72.00000 3.00000 2
4.00000 121.00000 112.00000 2933.00000 14.50000 72.00000 2.00000 2
4.00000 121.00000 76.00000 2511.00000 18.00000 72.00000 2.00000 2
4.00000 122.00000 86.00000 2395.00000 16.00000 72.00000 1.00000 2
4.00000 120.00000 97.00000 2506.00000 14.50000 72.00000 3.00000 2
6.00000 250.00000 88.00000 3021.00000 16.50000 73.00000 1.00000 2
6.00000 198.00000 95.00000 2904.00000 16.00000 73.00000 1.00000 2
6.00000 232.00000 100.00000 2789.00000 15.00000 73.00000 1.00000 2
4.00000 140.00000 72.00000 2401.00000 19.50000 73.00000 1.00000 2
4.00000 108.00000 94.00000 2379.00000 16.50000 73.00000 3.00000 2
4.00000 121.00000 112.00000 2868.00000 15.50000 73.00000 2.00000 2
4.00000 121.00000 110.00000 2660.00000 14.00000 73.00000 2.00000 2
6.00000 156.00000 122.00000 2807.00000 13.50000 73.00000 3.00000 2
6.00000 198.00000 95.00000 3102.00000 16.50000 74.00000 1.00000 2
6.00000 232.00000 100.00000 2901.00000 16.00000 74.00000 1.00000 2
4.00000 120.00000 97.00000 2489.00000 15.00000 74.00000 3.00000 2
6.00000 225.00000 95.00000 3264.00000 16.00000 75.00000 1.00000 2
6.00000 250.00000 105.00000 3459.00000 16.00000 75.00000 1.00000 2
6.00000 231.00000 110.00000 3907.00000 21.00000 75.00000 1.00000 2
6.00000 225.00000 95.00000 3785.00000 19.00000 75.00000 1.00000 2
8.00000 262.00000 110.00000 3221.00000 13.50000 75.00000 1.00000 2
4.00000 140.00000 78.00000 2592.00000 18.50000 75.00000 1.00000 2
4.00000 119.00000 97.00000 2545.00000 17.00000 75.00000 3.00000 2
6.00000 232.00000 90.00000 3211.00000 17.00000 75.00000 1.00000 2
6.00000 250.00000 105.00000 3353.00000 14.50000 76.00000 1.00000 2
6.00000 200.00000 81.00000 3012.00000 17.60000 76.00000 1.00000 2
6.00000 250.00000 78.00000 3574.00000 21.00000 76.00000 1.00000 2
6.00000 250.00000 110.00000 3645.00000 16.20000 76.00000 1.00000 2
4.00000 130.00000 102.00000 3150.00000 15.70000 76.00000 2.00000 2
4.00000 120.00000 88.00000 3270.00000 21.90000 76.00000 2.00000 2
8.00000 260.00000 110.00000 4060.00000 19.00000 77.00000 1.00000 2
6.00000 250.00000 110.00000 3520.00000 16.40000 77.00000 1.00000 2
6.00000 231.00000 105.00000 3425.00000 16.90000 77.00000 1.00000 2
6.00000 225.00000 100.00000 3630.00000 17.70000 77.00000 1.00000 2
3.00000 80.00000 110.00000 2720.00000 13.50000 77.00000 3.00000 2
8.00000 260.00000 110.00000 3365.00000 15.50000 78.00000 1.00000 2
8.00000 302.00000 139.00000 3570.00000 12.80000 78.00000 1.00000 2
6.00000 231.00000 105.00000 3535.00000 19.20000 78.00000 1.00000 2
6.00000 232.00000 90.00000 3210.00000 17.20000 78.00000 1.00000 2
6.00000 225.00000 110.00000 3620.00000 18.70000 78.00000 1.00000 2
6.00000 231.00000 165.00000 3445.00000 13.40000 78.00000 1.00000 2
4.00000 134.00000 95.00000 2515.00000 14.80000 78.00000 3.00000 2
4.00000 156.00000 105.00000 2745.00000 16.70000 78.00000 1.00000 2
4.00000 151.00000 85.00000 2855.00000 17.60000 78.00000 1.00000 2
4.00000 119.00000 97.00000 2405.00000 14.90000 78.00000 3.00000 2
5.00000 131.00000 103.00000 2830.00000 15.90000 78.00000 2.00000 2
6.00000 163.00000 125.00000 3140.00000 13.60000 78.00000 2.00000 2
4.00000 121.00000 115.00000 2795.00000 15.70000 78.00000 2.00000 2
6.00000 231.00000 115.00000 3245.00000 15.40000 79.00000 1.00000 2
4.00000 140.00000 88.00000 2890.00000 17.30000 79.00000 1.00000 2
6.00000 225.00000 110.00000 3360.00000 16.60000 79.00000 1.00000 2
8.00000 305.00000 130.00000 3840.00000 15.40000 79.00000 1.00000 2
8.00000 267.00000 125.00000 3605.00000 15.00000 79.00000 1.00000 2
8.00000 360.00000 150.00000 3940.00000 13.00000 79.00000 1.00000 2
8.00000 350.00000 125.00000 3900.00000 17.40000 79.00000 1.00000 2
3.00000 70.00000 100.00000 2420.00000 12.50000 80.00000 3.00000 2
6.00000 200.00000 88.00000 3060.00000 17.10000 81.00000 1.00000 2
6.00000 232.00000 112.00000 2835.00000 14.70000 82.00000 1.00000 2
4.00000 104.00000 95.00000 2375.00000 17.50000 70.00000 2.00000 3
4.00000 121.00000 113.00000 2234.00000 12.50000 70.00000 2.00000 3
4.00000 97.00000 88.00000 2130.00000 14.50000 71.00000 3.00000 3
4.00000 113.00000 95.00000 2228.00000 14.00000 71.00000 3.00000 3
4.00000 116.00000 90.00000 2123.00000 14.00000 71.00000 2.00000 3
4.00000 88.00000 76.00000 2065.00000 14.50000 71.00000 2.00000 3
4.00000 91.00000 70.00000 1955.00000 20.50000 71.00000 1.00000 3
4.00000 97.50000 80.00000 2126.00000 17.00000 72.00000 1.00000 3
4.00000 96.00000 69.00000 2189.00000 18.00000 72.00000 2.00000 3
4.00000 97.00000 92.00000 2288.00000 17.00000 72.00000 3.00000 3
4.00000 98.00000 80.00000 2164.00000 15.00000 72.00000 1.00000 3
4.00000 97.00000 88.00000 2100.00000 16.50000 72.00000 3.00000 3
4.00000 97.00000 46.00000 1950.00000 21.00000 73.00000 2.00000 3
4.00000 68.00000 49.00000 1867.00000 19.50000 73.00000 2.00000 3
4.00000 98.00000 83.00000 2219.00000 16.50000 74.00000 2.00000 3
4.00000 79.00000 67.00000 1963.00000 15.50000 74.00000 2.00000 3
4.00000 90.00000 75.00000 2125.00000 14.50000 74.00000 1.00000 3
4.00000 116.00000 75.00000 2246.00000 14.00000 74.00000 2.00000 3
4.00000 79.00000 67.00000 2000.00000 16.00000 74.00000 2.00000 3
4.00000 90.00000 71.00000 2223.00000 16.50000 75.00000 2.00000 3
4.00000 90.00000 70.00000 1937.00000 14.00000 75.00000 2.00000 3
4.00000 98.00000 79.00000 2255.00000 17.70000 76.00000 1.00000 3
4.00000 101.00000 83.00000 2202.00000 15.30000 76.00000 2.00000 3
4.00000 90.00000 70.00000 1937.00000 14.20000 76.00000 2.00000 3
4.00000 97.00000 71.00000 1825.00000 12.20000 76.00000 2.00000 3
4.00000 111.00000 80.00000 2155.00000 14.80000 77.00000 1.00000 3
4.00000 122.00000 96.00000 2300.00000 15.50000 77.00000 1.00000 3
4.00000 97.00000 78.00000 1940.00000 14.50000 77.00000 2.00000 3
4.00000 151.00000 88.00000 2740.00000 16.00000 77.00000 1.00000 3
4.00000 140.00000 89.00000 2755.00000 15.80000 77.00000 1.00000 3
4.00000 98.00000 63.00000 2051.00000 17.00000 77.00000 1.00000 3
4.00000 140.00000 88.00000 2720.00000 15.40000 78.00000 1.00000 3
4.00000 98.00000 68.00000 2155.00000 16.50000 78.00000 1.00000 3
4.00000 119.00000 97.00000 2300.00000 14.70000 78.00000 3.00000 3
4.00000 121.00000 80.00000 2670.00000 15.00000 79.00000 1.00000 3
4.00000 151.00000 90.00000 2670.00000 16.00000 79.00000 1.00000 3
6.00000 173.00000 115.00000 2595.00000 11.30000 79.00000 1.00000 3
6.00000 173.00000 115.00000 2700.00000 12.90000 79.00000 1.00000 3
4.00000 151.00000 90.00000 2678.00000 16.50000 80.00000 1.00000 3
4.00000 151.00000 90.00000 3003.00000 20.10000 80.00000 1.00000 3
4.00000 156.00000 105.00000 2800.00000 14.40000 80.00000 1.00000 3
4.00000 89.00000 62.00000 1845.00000 15.30000 80.00000 2.00000 3
4.00000 151.00000 84.00000 2635.00000 16.40000 81.00000 1.00000 3
4.00000 135.00000 84.00000 2385.00000 12.90000 81.00000 1.00000 3
4.00000 98.00000 65.00000 2380.00000 20.70000 81.00000 1.00000 3
6.00000 145.00000 76.00000 3160.00000 19.60000 81.00000 2.00000 3
6.00000 146.00000 120.00000 2930.00000 13.80000 81.00000 3.00000 3
4.00000 135.00000 84.00000 2525.00000 16.00000 82.00000 1.00000 3
4.00000 91.00000 68.00000 1970.00000 17.60000 82.00000 3.00000 3
4.00000 140.00000 86.00000 2790.00000 15.60000 82.00000 1.00000 3
4.00000 119.00000 82.00000 2720.00000 19.40000 82.00000 1.00000 3
4.00000 72.00000 69.00000 1613.00000 18.00000 71.00000 3.00000 4
4.00000 83.00000 61.00000 2003.00000 19.00000 74.00000 3.00000 4
4.00000 91.00000 53.00000 1795.00000 17.50000 75.00000 3.00000 4
4.00000 79.00000 58.00000 1825.00000 18.60000 77.00000 2.00000 4
4.00000 98.00000 83.00000 2075.00000 15.90000 77.00000 1.00000 4
4.00000 98.00000 66.00000 1800.00000 14.40000 78.00000 1.00000 4
4.00000 91.00000 60.00000 1800.00000 16.40000 78.00000 3.00000 4
4.00000 89.00000 71.00000 1925.00000 14.00000 79.00000 2.00000 4
4.00000 105.00000 70.00000 2150.00000 14.90000 79.00000 1.00000 4
4.00000 91.00000 69.00000 2130.00000 14.70000 79.00000 2.00000 4
4.00000 151.00000 90.00000 2556.00000 13.20000 79.00000 1.00000 4
4.00000 89.00000 60.00000 1968.00000 18.80000 80.00000 3.00000 4
4.00000 97.00000 78.00000 2188.00000 15.80000 80.00000 2.00000 4
5.00000 121.00000 67.00000 2950.00000 19.90000 80.00000 2.00000 4
6.00000 168.00000 132.00000 2910.00000 11.40000 80.00000 3.00000 4
4.00000 107.00000 72.00000 2290.00000 17.00000 80.00000 3.00000 4
4.00000 86.00000 64.00000 1875.00000 16.40000 81.00000 1.00000 4
4.00000 81.00000 60.00000 1760.00000 16.10000 81.00000 3.00000 4
4.00000 97.00000 67.00000 2065.00000 17.80000 81.00000 3.00000 4
4.00000 91.00000 68.00000 1985.00000 16.00000 81.00000 3.00000 4
4.00000 105.00000 74.00000 2190.00000 14.20000 81.00000 2.00000 4
4.00000 120.00000 74.00000 2635.00000 18.30000 81.00000 3.00000 4
4.00000 112.00000 88.00000 2395.00000 18.00000 82.00000 1.00000 4
4.00000 105.00000 74.00000 1980.00000 15.30000 82.00000 2.00000 4
4.00000 120.00000 88.00000 2160.00000 14.50000 82.00000 3.00000 4
4.00000 107.00000 75.00000 2205.00000 14.50000 82.00000 3.00000 4
4.00000 91.00000 67.00000 1965.00000 15.00000 82.00000 3.00000 4
4.00000 91.00000 67.00000 1965.00000 15.70000 82.00000 3.00000 4
6.00000 262.00000 85.00000 3015.00000 17.00000 82.00000 1.00000 4
4.00000 144.00000 96.00000 2665.00000 13.90000 82.00000 3.00000 4
4.00000 135.00000 84.00000 2370.00000 13.00000 82.00000 1.00000 4
4.00000 90.00000 48.00000 1985.00000 21.50000 78.00000 2.00000 5
4.00000 85.00000 65.00000 2110.00000 19.20000 80.00000 3.00000 5
4.00000 90.00000 48.00000 2085.00000 21.70000 80.00000 2.00000 5
4.00000 90.00000 48.00000 2335.00000 23.70000 80.00000 2.00000 5
4.00000 91.00000 67.00000 1850.00000 13.80000 80.00000 3.00000 5
4.00000 97.00000 52.00000 2130.00000 24.60000 82.00000 2.00000 5
